# LSST Throughputs files created from syseng_throughputs repo
# Version 1.9
# sha1 fcc05772f99427e4a45cd1b9da1628dded9a06d5
# Aerosols added to atmosphere
# Wavelen_cutoff_BLUE 907.50
# Wavelen_cutoff_RED 1100.00
# Wavelength(nm)  Throughput(0-1)
879.0000000001316 6.074938345975505e-05
879.1000000001317 0.00011175659877280086
879.2000000001317 0.00016274383007621574
879.3000000001317 0.00021371152680876003
879.4000000001317 0.0002646602382555076
879.5000000001318 0.00031559059606994533
879.6000000001318 0.00036650331197312627
879.7000000001318 0.00041739913016505933
879.8000000001318 0.00046827882238423046
879.9000000001319 0.0005191431707814237
880.0000000001319 0.0005699929507438962
880.1000000001319 0.000569296477862933
880.2000000001319 0.0005686029317404863
880.300000000132 0.000567912239234182
880.400000000132 0.0005672242894334864
880.500000000132 0.0005665389338917156
880.600000000132 0.0005658559868580979
880.700000000132 0.0005651752255030419
880.8000000001321 0.0005644963901457749
880.9000000001321 0.0005638191844823058
881.0000000001321 0.0005631432758110052
881.1000000001321 0.000563676360384927
881.2000000001321 0.0005642096654573599
881.3000000001322 0.0005647427500621644
881.4000000001322 0.0005652751336400101
881.5000000001322 0.0005658062958636786
881.6000000001322 0.0005662208940696664
881.7000000001323 0.0005666350490373085
881.8000000001323 0.0005670487722551396
881.9000000001323 0.0005674620752445365
882.0000000001323 0.0005678749695633138
882.1000000001324 0.000569726730309609
882.2000000001324 0.0005715786982682873
882.3000000001324 0.0005734308846822034
882.4000000001324 0.000575283300944944
882.5000000001324 0.0005771359585982944
882.6000000001325 0.0005788716179721925
882.7000000001325 0.0005806068370428349
882.8000000001325 0.0005823416022572467
882.9000000001325 0.0005840759004937134
883.0000000001326 0.0005858097190620189
883.1000000001326 0.0005833089067754966
883.2000000001326 0.0005808087783913263
883.3000000001326 0.0005783093232782266
883.4000000001326 0.0005758105315771834
883.5000000001327 0.0005733123941939661
883.6000000001327 0.0005708141012462195
883.7000000001327 0.0005683159407022176
883.8000000001327 0.0005658181766467039
883.9000000001328 0.0005633210497033756
884.0000000001328 0.0005608247774634452
884.1000000001328 0.0005625455783091623
884.2000000001328 0.0005642663251201321
884.3000000001329 0.0005659871840165885
884.4000000001329 0.0005677083040117213
884.5000000001329 0.000569429816725269
884.6000000001329 0.0005711518360932174
884.700000000133 0.0005728744907774595
884.800000000133 0.0005745978684298065
884.900000000133 0.0005763220388610298
885.000000000133 0.0005780470537654004
885.100000000133 0.0005796637371666811
885.2000000001331 0.0005812806590732422
885.3000000001331 0.0005828978146281518
885.4000000001331 0.0005845151797602486
885.5000000001331 0.0005861327109296458
885.6000000001332 0.0005877503206216589
885.7000000001332 0.0005893678668052025
885.8000000001332 0.0005909852335624045
885.9000000001332 0.0005926022825354154
886.0000000001332 0.0005942188526366222
886.1000000001333 0.000594127947930288
886.2000000001333 0.0005940372656327228
886.3000000001333 0.0005939465746649008
886.4000000001333 0.0005938556229978959
886.5000000001334 0.0005937641376676314
886.6000000001334 0.00059379239178422
886.7000000001334 0.0005938206325458052
886.8000000001334 0.0005938488539037115
886.9000000001334 0.0005938770498069045
887.0000000001335 0.0005939052142047726
887.1000000001335 0.0005932212772708463
887.2000000001335 0.0005925374979929717
887.3000000001335 0.0005918538703814106
887.4000000001336 0.0005911703884737044
887.5000000001336 0.0005904870463344974
887.6000000001336 0.0005896842024190505
887.7000000001336 0.000588881763617776
887.8000000001337 0.0005880797240000484
887.9000000001337 0.000587278077668676
888.0000000001337 0.0005864768187631826
888.1000000001337 0.0005881865429612769
888.2000000001337 0.0005898956729035892
888.3000000001338 0.0005916042019385525
888.4000000001338 0.0005933121233474195
888.5000000001338 0.0005950194303434202
888.6000000001338 0.0005969741278254524
888.7000000001339 0.0005989333210701783
888.8000000001339 0.0006008951452202235
888.9000000001339 0.000602857852989839
889.0000000001339 0.0006048198169089459
889.100000000134 0.0006039818480222522
889.200000000134 0.000603139919503997
889.300000000134 0.000602292856628744
889.400000000134 0.0006014396332791855
889.500000000134 0.0006005793709815394
889.6000000001341 0.0005998330079283153
889.7000000001341 0.0005990779476557895
889.8000000001341 0.0005983137333774406
889.9000000001341 0.0005975400512332158
890.0000000001342 0.0005967567294214587
890.1000000001342 0.000596482675779548
890.2000000001342 0.0005961986876368844
890.3000000001342 0.0005959049885004526
890.4000000001342 0.0005956019414973034
890.5000000001343 0.0005952900490074067
890.6000000001343 0.0005952116380485461
890.7000000001343 0.000595125650352081
890.8000000001343 0.0005950329874565627
890.9000000001344 0.0005949346908300142
891.0000000001344 0.0005948319417239251
891.1000000001344 0.0005956746847791798
891.2000000001344 0.0005965145453451422
891.3000000001344 0.0005973531237799742
891.4000000001345 0.0005981921707736334
891.5000000001345 0.0005990335883590883
891.6000000001345 0.0005998794062028899
891.7000000001345 0.0006007239318536224
891.8000000001346 0.0006015671718187235
891.9000000001346 0.0006024091326403961
892.0000000001346 0.0006032498208980713
892.1000000001346 0.0006050706213945407
892.2000000001347 0.0006068874704924617
892.3000000001347 0.0006087003778881214
892.4000000001347 0.0006105093533522928
892.5000000001347 0.0006123144067259664
892.6000000001347 0.0006136150462634655
892.7000000001348 0.0006149084448640657
892.8000000001348 0.0006161946180260673
892.9000000001348 0.0006174735812947648
893.0000000001348 0.0006187453502626954
893.1000000001349 0.0006192826677752439
893.2000000001349 0.0006198179898815468
893.3000000001349 0.0006203513248500584
893.4000000001349 0.0006208826809701988
893.500000000135 0.0006214120665547994
893.600000000135 0.0006224435318490952
893.700000000135 0.00062346956406161
893.800000000135 0.0006244926801726436
893.900000000135 0.0006255152248384506
894.0000000001351 0.0006265393687361382
894.1000000001351 0.000626031105144582
894.2000000001351 0.0006255276334502625
894.3000000001351 0.0006250305398441291
894.4000000001352 0.0006245412164646463
894.5000000001352 0.0006240608621984149
894.6000000001352 0.0006228164778965113
894.7000000001352 0.0006215821379352735
894.8000000001352 0.0006203584309282391
894.9000000001353 0.0006191457535221475
895.0000000001353 0.00061794431227721
895.1000000001353 0.0006168583543532679
895.2000000001353 0.0006157785085009619
895.3000000001354 0.0006147044307435889
895.4000000001354 0.0006136355933261776
895.5000000001354 0.0006125712863487695
895.6000000001354 0.0006121633594983975
895.7000000001354 0.0006117601952879193
895.8000000001355 0.0006113605826719084
895.9000000001355 0.0006109631286283416
896.0000000001355 0.0006105662588116863
896.1000000001355 0.0006122276908162595
896.2000000001356 0.0006138642528277961
896.3000000001356 0.0006154738380269481
896.4000000001356 0.0006170541307192786
896.5000000001356 0.0006186026050180847
896.6000000001357 0.0006214797424439943
896.7000000001357 0.0006243461031046949
896.8000000001357 0.0006272016845510507
896.9000000001357 0.0006300464842195001
897.0000000001357 0.000632880499434884
897.1000000001358 0.0006343032605124586
897.2000000001358 0.0006357254411459822
897.3000000001358 0.0006371470345487788
897.4000000001358 0.0006385680338796265
897.5000000001359 0.0006399884322399284
897.6000000001359 0.0006408505975941208
897.7000000001359 0.0006417123462908414
897.8000000001359 0.0006425736714850897
897.900000000136 0.0006434345662951945
898.000000000136 0.0006442950237996787
898.100000000136 0.000644859604151215
898.200000000136 0.0006453251965620665
898.300000000136 0.0006456918394612707
898.4000000001361 0.0006459595713805205
898.5000000001361 0.0006461284309541884
898.6000000001361 0.0006442949438436375
898.7000000001361 0.0006423340100694504
898.8000000001362 0.0006402433303033122
898.9000000001362 0.0006380208042097689
899.0000000001362 0.0006356645319832028
899.1000000001362 0.0006425232550975658
899.2000000001362 0.0006494120535771832
899.3000000001363 0.0006563292447052569
899.4000000001363 0.0006632732598230561
899.5000000001363 0.0006702426530067134
899.6000000001363 0.0006788045401226494
899.7000000001364 0.0006874050029474098
899.8000000001364 0.0006960428971916
899.9000000001364 0.0007047172304352171
900.0000000001364 0.0007134271734603262
900.1000000001364 0.0007161179259241491
900.2000000001365 0.0007187694933508066
900.3000000001365 0.0007213820337109331
900.4000000001365 0.0007239559071737624
900.5000000001365 0.0007264916794061324
900.6000000001366 0.0007314786515745328
900.7000000001366 0.0007364585863862044
900.8000000001366 0.0007414325637250477
900.9000000001366 0.0007464018979535543
901.0000000001367 0.0007513681445643823
901.1000000001367 0.0007643169267073237
901.2000000001367 0.0007773079109223523
901.3000000001367 0.0007903433523285265
901.4000000001367 0.0008034258823480777
901.5000000001368 0.0008165585277006639
901.6000000001368 0.0008273429538651509
901.7000000001368 0.0008381075091049215
901.8000000001368 0.0008488522005722762
901.9000000001369 0.000859577035690184
902.0000000001369 0.0008702820221960824
902.1000000001369 0.0008790783188172646
902.2000000001369 0.000887837474031107
902.300000000137 0.0008965595267758994
902.400000000137 0.0009052445165737701
902.500000000137 0.000913892483593652
902.600000000137 0.0009264564223395814
902.700000000137 0.0009390676343629902
902.8000000001371 0.000951726023422412
902.9000000001371 0.000964431491982761
903.0000000001371 0.0009771839411583257
903.1000000001371 0.0009995734050392629
903.2000000001372 0.0010221763943181119
903.3000000001372 0.0010449925596677384
903.4000000001372 0.0010680215495672972
903.5000000001372 0.001091263010147264
903.6000000001372 0.001111876527888741
903.7000000001373 0.001132622071503921
903.8000000001373 0.0011535003742416316
903.9000000001373 0.001174512168039611
904.0000000001373 0.0011956581777626519
904.1000000001374 0.001220051494351293
904.2000000001374 0.001244379466712262
904.3000000001374 0.0012686430723327727
904.4000000001374 0.0012928432598378731
904.5000000001374 0.0013169809406333043
904.6000000001375 0.0013407758955801118
904.7000000001375 0.0013644993190483296
904.8000000001375 0.0013881519179222558
904.9000000001375 0.001411734322573689
905.0000000001376 0.0014352470787123775
905.1000000001376 0.0014683976864585354
905.2000000001376 0.0015015240352086227
905.3000000001376 0.0015346264327043492
905.4000000001377 0.0015677050642737762
905.5000000001377 0.0016007599815977237
905.6000000001377 0.0016320713114338786
905.7000000001377 0.0016632891909288607
905.8000000001377 0.0016944133147286846
905.9000000001378 0.001725443205476736
906.0000000001378 0.0017563782038638326
906.1000000001378 0.0017982637391899298
906.2000000001378 0.0018395856780900471
906.3000000001379 0.001880343377473299
906.4000000001379 0.0019205359386757492
906.5000000001379 0.00196016219850761
906.6000000001379 0.0019983478892093504
906.700000000138 0.0020359288100900374
906.800000000138 0.0020729057425714183
906.900000000138 0.0021092794680139183
907.000000000138 0.0021450507677734775
907.100000000138 0.002214467244842247
907.2000000001381 0.00228351807355893
907.3000000001381 0.002352203671126167
907.4000000001381 0.0024205244547454794
907.5000000001381 0.002488480841603273
907.6000000001382 0.0025595422468193143
907.7000000001382 0.002630437094984948
907.8000000001382 0.0027011655266467208
907.9000000001382 0.002771727682332634
908.0000000001382 0.0028421237026274447
908.1000000001383 0.002943894068639202
908.2000000001383 0.0030457435228555645
908.3000000001383 0.00314767180672635
908.4000000001383 0.00324967866174047
908.5000000001384 0.0033517638294304473
908.6000000001384 0.0034523661749391275
908.7000000001384 0.003552953685898163
908.8000000001384 0.003653527630828688
908.9000000001384 0.0037540893346556144
909.0000000001385 0.0038546401618872426
909.1000000001385 0.004028990469646407
909.2000000001385 0.0042036303149491075
909.3000000001385 0.00437856082048295
909.4000000001386 0.004553783157973796
909.5000000001386 0.004729298519562211
909.6000000001386 0.0049029187973318325
909.7000000001386 0.005076683293584418
909.8000000001387 0.0052505932982477
909.9000000001387 0.005424650002823696
910.0000000001387 0.005598854471405867
910.1000000001387 0.005829090458041884
910.2000000001387 0.006058365390913451
910.3000000001388 0.006286681672210628
910.4000000001388 0.006514041425917038
910.5000000001388 0.006740446460401681
910.6000000001388 0.006997184546958103
910.7000000001389 0.007255088742388394
910.8000000001389 0.0075141568471563565
910.9000000001389 0.007774386186235587
911.0000000001389 0.008035773562839245
911.100000000139 0.008428153351935256
911.200000000139 0.008821190330233963
911.300000000139 0.009214879941056213
911.400000000139 0.009609216697874387
911.500000000139 0.010004194115387464
911.6000000001391 0.010361041939958847
911.7000000001391 0.010715686351468334
911.8000000001391 0.011068129928851636
911.9000000001391 0.011418375251402069
912.0000000001392 0.011766424899106395
912.1000000001392 0.01236124597795735
912.2000000001392 0.012958782069910463
912.3000000001392 0.013559028659290174
912.4000000001392 0.014161981229597255
912.5000000001393 0.01476763526316498
912.6000000001393 0.015248356824253288
912.7000000001393 0.015722378319259486
912.8000000001393 0.016189708235874865
912.9000000001394 0.016650355063265874
913.0000000001394 0.017104327292259306
913.1000000001394 0.01763384432085721
913.2000000001394 0.018154645727202157
913.3000000001394 0.018666743450799664
913.4000000001395 0.019170149432371397
913.5000000001395 0.019664875614448737
913.6000000001395 0.020396244630546623
913.7000000001395 0.02113391361952371
913.8000000001396 0.021877864326679708
913.9000000001396 0.02262807792903262
914.0000000001396 0.023384535134431752
914.1000000001396 0.02447925090247162
914.2000000001397 0.025587256750118335
914.3000000001397 0.02670851872174666
914.4000000001397 0.027843002417592747
914.5000000001397 0.028990673148035783
914.6000000001397 0.02985844576909432
914.7000000001398 0.030721083888891672
914.8000000001398 0.03157858526702242
914.9000000001398 0.03243094843081865
915.0000000001398 0.03327817281759778
915.1000000001399 0.03396870099267918
915.2000000001399 0.03463512872324481
915.3000000001399 0.035277491484257455
915.4000000001399 0.035895826402498505
915.50000000014 0.0364901723400685
915.60000000014 0.0376098122793418
915.70000000014 0.03873474510276036
915.80000000014 0.0398649618607759
915.90000000014 0.04100045585097987
916.0000000001401 0.04214122282712967
916.1000000001401 0.043705075779551426
916.2000000001401 0.04529213956071829
916.3000000001401 0.046902387852883
916.4000000001402 0.04853579836593834
916.5000000001402 0.05019235320805489
916.6000000001402 0.051349984512121326
916.7000000001402 0.052507787310824665
916.8000000001402 0.05366575878802728
916.9000000001403 0.05482389612774448
917.0000000001403 0.05598219651284903
917.1000000001403 0.056811233284397925
917.2000000001403 0.05762119647641746
917.3000000001404 0.05841211761843686
917.4000000001404 0.059184028248765126
917.5000000001404 0.05993695991524459
917.6000000001404 0.0609444214927933
917.7000000001404 0.06194356390714382
917.8000000001405 0.06293440066338551
917.9000000001405 0.06391694539862862
918.0000000001405 0.06489121188725341
918.1000000001405 0.06637189966194817
918.2000000001406 0.06786456613116279
918.3000000001406 0.06936919079377664
918.4000000001406 0.07088575335468912
918.5000000001406 0.07241423373561735
918.6000000001407 0.07397090922256515
918.7000000001407 0.07554001248305417
918.8000000001407 0.07712148853696044
918.9000000001407 0.07871528209481823
919.0000000001407 0.0803213377682675
919.1000000001408 0.08196804975044443
919.2000000001408 0.08361802304347853
919.3000000001408 0.0852712170220426
919.4000000001408 0.08692759193114867
919.5000000001409 0.08858710915401792
919.6000000001409 0.09009702094091632
919.7000000001409 0.09160489354084687
919.8000000001409 0.09311070686419476
919.900000000141 0.09461444337664508
920.000000000141 0.09611608835486593
920.100000000141 0.0979232485144306
920.200000000141 0.09973740975751062
920.300000000141 0.10155854917332677
920.4000000001411 0.10338664765880401
920.5000000001411 0.10522169023077103
920.6000000001411 0.10672937096843438
920.7000000001411 0.10823440976309409
920.8000000001412 0.10973682458175785
920.9000000001412 0.11123663852634011
921.0000000001412 0.11273388007958496
921.1000000001412 0.11389382799309845
921.2000000001412 0.11504429563742574
921.3000000001413 0.11618534525861492
921.4000000001413 0.11731704485301502
921.5000000001413 0.11843946831888917
921.6000000001413 0.11983171808990216
921.7000000001414 0.12122120744944524
921.8000000001414 0.12260794105168164
921.9000000001414 0.12399192328761595
922.0000000001414 0.12537315826337736
922.1000000001414 0.12729665541476765
922.2000000001415 0.12922540558189768
922.3000000001415 0.1311593940650263
922.4000000001415 0.13309860580802946
922.5000000001415 0.135043025367032
922.6000000001416 0.13664917041029
922.7000000001416 0.13825230566042856
922.8000000001416 0.139852429265173
922.9000000001416 0.14144953929375215
923.0000000001417 0.1430436337463884
923.1000000001417 0.14466545395230979
923.2000000001417 0.1462819197580969
923.3000000001417 0.14789303356155278
923.4000000001417 0.14949879772309832
923.5000000001418 0.15109921457585695
923.6000000001418 0.1526307728464037
923.7000000001418 0.15415609638573521
923.8000000001418 0.15567492400380917
923.9000000001419 0.15718700452090636
924.0000000001419 0.15869209791182184
924.1000000001419 0.1603986478067966
924.2000000001419 0.16209795905827795
924.300000000142 0.16378982709510523
924.400000000142 0.16547406209237903
924.500000000142 0.1671504901923469
924.600000000142 0.1689629227829937
924.700000000142 0.17077040613098268
924.8000000001421 0.1725728213475565
924.9000000001421 0.17437007031527857
925.0000000001421 0.1761620769301941
925.1000000001421 0.17862607192446983
925.2000000001422 0.18109048513734358
925.3000000001422 0.18355527954869272
925.4000000001422 0.18602044576937796
925.5000000001422 0.1884860037246428
925.6000000001422 0.19087120309791195
925.7000000001423 0.19325502089675106
925.8000000001423 0.19563756784252034
925.9000000001423 0.19801898942209809
926.0000000001423 0.20039946748282872
926.1000000001424 0.20290931471460394
926.2000000001424 0.20541649821022384
926.3000000001424 0.20792132322932066
926.4000000001424 0.21042413862221937
926.5000000001424 0.21292533848075634
926.6000000001425 0.21556135573589552
926.7000000001425 0.2181980741849648
926.8000000001425 0.22083548164175212
926.9000000001425 0.22347356543983596
927.0000000001426 0.2261123124011481
927.1000000001426 0.2270688766274298
927.2000000001426 0.227998995572549
927.3000000001426 0.22890273012061768
927.4000000001427 0.22978014060141327
927.5000000001427 0.2306312867832777
927.6000000001427 0.23095579153419005
927.7000000001427 0.2312452698488514
927.8000000001427 0.23149980948174131
927.9000000001428 0.2317194983553642
928.0000000001428 0.231904424567679
928.1000000001428 0.23381527640072874
928.2000000001428 0.2357158728239311
928.3000000001429 0.23760623408044687
928.4000000001429 0.23948638065501401
928.5000000001429 0.24135633328251124
928.6000000001429 0.2429438109248686
928.700000000143 0.24451729920788381
928.800000000143 0.24607629357867214
928.900000000143 0.24762031638422527
929.000000000143 0.24914891849613152
929.100000000143 0.24999959585526932
929.2000000001431 0.2508271752825731
929.3000000001431 0.25163133358092654
929.4000000001431 0.25241178593872715
929.5000000001431 0.25316828689964177
929.6000000001432 0.25283031371313086
929.7000000001432 0.2524519568201662
929.8000000001432 0.25203318588418366
929.9000000001432 0.2515740161509333
930.0000000001432 0.25107450825981975
930.1000000001433 0.25086087809474605
930.2000000001433 0.25060924380009014
930.3000000001433 0.25031977993618443
930.4000000001433 0.2499927051628402
930.5000000001434 0.24962828184673283
930.6000000001434 0.2492907958316912
930.7000000001434 0.24891750688301115
930.8000000001434 0.24850879316025185
930.9000000001435 0.2480650744138276
931.0000000001435 0.24758681122573978
931.1000000001435 0.24678888608895672
931.2000000001435 0.24595409592603895
931.3000000001435 0.24508303824836852
931.4000000001436 0.24417634510319272
931.5000000001436 0.2432346816062687
931.6000000001436 0.24000229248826155
931.7000000001436 0.23670549137042515
931.8000000001437 0.23334450743041157
931.9000000001437 0.2299195689058257
932.0000000001437 0.22643090312737083
932.1000000001437 0.22589094778044566
932.2000000001437 0.22532701482244524
932.3000000001438 0.22473918609826124
932.4000000001438 0.22412754288738082
932.5000000001438 0.22349216591435353
932.6000000001438 0.22515281297374604
932.7000000001439 0.22681514674319136
932.8000000001439 0.22847915255618464
932.9000000001439 0.23014481576604431
933.0000000001439 0.23181212174014829
933.100000000144 0.23137422905113839
933.200000000144 0.23092196277819588
933.300000000144 0.230455372226676
933.400000000144 0.2299745066353668
933.500000000144 0.22947941516388193
933.6000000001441 0.2250214479265606
933.7000000001441 0.2205168942180231
933.8000000001441 0.2159662635336865
933.9000000001441 0.21137001894300173
934.0000000001442 0.20672857884912982
934.1000000001442 0.205343237482585
934.2000000001442 0.20394460243280846
934.3000000001442 0.2025328876486231
934.4000000001442 0.20110828110524928
934.5000000001443 0.19967094544652858
934.6000000001443 0.20670274198501595
934.7000000001443 0.2137721939872174
934.8000000001443 0.22087935945904677
934.9000000001444 0.22802428539133884
935.0000000001444 0.2352070042142163
935.1000000001444 0.23781205034779634
935.2000000001444 0.240427638817085
935.3000000001445 0.2430537547069399
935.4000000001445 0.24569035702379824
935.5000000001445 0.24833737731038363
935.6000000001445 0.24695944376837986
935.7000000001445 0.24557096552665506
935.8000000001446 0.24417179168114406
935.9000000001446 0.242761749972996
936.0000000001446 0.24134064758943619
936.1000000001446 0.24267358576402953
936.2000000001447 0.24400875609996409
936.3000000001447 0.24534585729704056
936.4000000001447 0.2466845564478283
936.5000000001447 0.2480244883091013
936.6000000001447 0.24714024034211743
936.7000000001448 0.24625008196264128
936.8000000001448 0.24535403732762484
936.9000000001448 0.24445213054211887
937.0000000001448 0.2435443856721615
937.1000000001449 0.24638556758002786
937.2000000001449 0.24923134660256838
937.3000000001449 0.2520816943107883
937.4000000001449 0.2549365824219384
937.500000000145 0.2577959827964651
937.600000000145 0.2590730243038243
937.700000000145 0.26035115528575437
937.800000000145 0.2616303671197572
937.900000000145 0.2629106512494498
938.0000000001451 0.2641919991825606
938.1000000001451 0.2654824521461732
938.2000000001451 0.2667732318390977
938.3000000001451 0.26806433229416116
938.4000000001452 0.2693557476077345
938.5000000001452 0.27064747195820255
938.6000000001452 0.2780741017691073
938.7000000001452 0.28550347610537513
938.8000000001452 0.29293666949897257
938.9000000001453 0.30037479031503106
939.0000000001453 0.3078189684173024
939.1000000001453 0.31544896700788033
939.2000000001453 0.32308017686469176
939.3000000001454 0.3307137439101978
939.4000000001454 0.33835078724193257
939.5000000001454 0.34599238625183554
939.6000000001454 0.3448848630986362
939.7000000001455 0.34378422586952556
939.8000000001455 0.3426908147155146
939.9000000001455 0.34160484995107154
940.0000000001455 0.34052643389027887
940.1000000001455 0.3363434859527039
940.2000000001456 0.33216958045937117
940.3000000001456 0.3280042648114764
940.4000000001456 0.32384698623461494
940.5000000001456 0.3196970987306004
940.6000000001457 0.31942361873478425
940.7000000001457 0.3191555983023845
940.8000000001457 0.3188923298667761
940.9000000001457 0.3186330007392716
941.0000000001457 0.3183766935024026
941.1000000001458 0.3206679401173137
941.2000000001458 0.32295920350639856
941.3000000001458 0.3252492472575777
941.4000000001458 0.3275366891205696
941.5000000001459 0.32981999722696226
941.6000000001459 0.3292411090008048
941.7000000001459 0.3286621841731655
941.8000000001459 0.32808322046939764
941.900000000146 0.3275042156415287
942.000000000146 0.32692516745024425
942.100000000146 0.32052701398819744
942.200000000146 0.314135977573974
942.300000000146 0.3077520624627251
942.4000000001461 0.3013752731754394
942.5000000001461 0.2950056145041867
942.6000000001461 0.290232259428573
942.7000000001461 0.2854641773976343
942.8000000001462 0.280701371783568
942.9000000001462 0.27594384615231915
943.0000000001462 0.2711916042888815
943.1000000001462 0.2746766762127339
943.2000000001462 0.2781588218117425
943.3000000001463 0.28163802903134705
943.4000000001463 0.2851142856724188
943.5000000001463 0.28858757937162033
943.6000000001463 0.2854788172507182
943.7000000001464 0.28237089741183896
943.8000000001464 0.27926450447255813
943.9000000001464 0.27616024849602555
944.0000000001464 0.27305866763558573
944.1000000001465 0.27021440206273356
944.2000000001465 0.267375091446975
944.3000000001465 0.26454107463209603
944.4000000001465 0.26171263048841975
944.5000000001465 0.25888998037515965
944.6000000001466 0.26551146898998756
944.7000000001466 0.2721269855220919
944.8000000001466 0.27873690613013635
944.9000000001466 0.2853415741200176
945.0000000001467 0.2919412942880763
945.1000000001467 0.2929718237623675
945.2000000001467 0.29400470913951166
945.3000000001467 0.29503991545375735
945.4000000001467 0.29607735638450905
945.5000000001468 0.29711689336954944
945.6000000001468 0.29313275605075206
945.7000000001468 0.28915399709141093
945.8000000001468 0.2851801966361755
945.9000000001469 0.2812109055761547
946.0000000001469 0.27724564885930897
946.1000000001469 0.27857439617935137
946.2000000001469 0.2799019346408818
946.300000000147 0.281227720405531
946.400000000147 0.2825511519854243
946.500000000147 0.283871569200669
946.600000000147 0.28756617542558094
946.700000000147 0.2912562854463287
946.8000000001471 0.2949418905709618
946.9000000001471 0.2986229816966737
947.0000000001471 0.30229954928244246
947.1000000001471 0.3016831186683627
947.2000000001472 0.30106684430762376
947.3000000001472 0.30045072380623183
947.4000000001472 0.2998347544910213
947.5000000001472 0.2992189333977107
947.6000000001472 0.2939516078406737
947.7000000001473 0.28868838581121836
947.8000000001473 0.283429284270475
947.9000000001473 0.2781743201141015
948.0000000001473 0.27292351016957345
948.1000000001474 0.2749273834034208
948.2000000001474 0.2769280334039915
948.3000000001474 0.27892546408877666
948.4000000001474 0.2809196798378237
948.5000000001475 0.28291068551798015
948.6000000001475 0.2901717677192218
948.7000000001475 0.29742233627477416
948.8000000001475 0.3046622648383397
948.9000000001475 0.3118914239410633
949.0000000001476 0.31910968215868113
949.1000000001476 0.3149881959282141
949.2000000001476 0.31087016202687573
949.3000000001476 0.3067555112959099
949.4000000001477 0.30264418902624246
949.5000000001477 0.2985361542806839
949.6000000001477 0.2927378544284854
949.7000000001477 0.28694456421310394
949.8000000001477 0.2811562987120605
949.9000000001478 0.27537308465912136
950.0000000001478 0.26959495951166756
950.1000000001478 0.2735437858820205
950.2000000001478 0.2774871296686138
950.3000000001479 0.2814249696047745
950.4000000001479 0.285357294652357
950.5000000001479 0.289284104652828
950.6000000001479 0.29641335995997115
950.700000000148 0.303533382316684
950.800000000148 0.3106441835102263
950.900000000148 0.3177457918503322
951.000000000148 0.32483825332347593
951.100000000148 0.3235424174366266
951.2000000001481 0.32224798247610636
951.3000000001481 0.32095506957983333
951.4000000001481 0.31966380877340567
951.5000000001481 0.3183743387354259
951.6000000001482 0.3103182406277943
951.7000000001482 0.3022743899996445
951.8000000001482 0.2942428002296105
951.9000000001482 0.28622348436407186
952.0000000001482 0.2782164551323719
952.1000000001483 0.2760523341236465
952.2000000001483 0.2738906325602462
952.3000000001483 0.27173135671489596
952.4000000001483 0.269574512773772
952.5000000001484 0.26742010685333845
952.6000000001484 0.27151438799147093
952.7000000001484 0.27560291013371424
952.8000000001484 0.2796856726752033
952.9000000001485 0.2837626751078522
953.0000000001485 0.2878339169969682
953.1000000001485 0.2903104092615671
953.2000000001485 0.29278300055539547
953.3000000001485 0.2952516930027413
953.4000000001486 0.29771648860442723
953.5000000001486 0.30017738921876674
953.6000000001486 0.300672116293346
953.7000000001486 0.3011662639777645
953.8000000001487 0.3016595531981121
953.9000000001487 0.30215172324595396
954.0000000001487 0.3026425319379801
954.1000000001487 0.3014779380229904
954.2000000001487 0.3003139808910605
954.3000000001488 0.2991504906212
954.4000000001488 0.2979873199509226
954.5000000001488 0.2968243438774938
954.6000000001488 0.2970645331998524
954.7000000001489 0.2973025754495361
954.8000000001489 0.2975383977414236
954.9000000001489 0.29777194685012653
955.0000000001489 0.2980031892813637
955.100000000149 0.29672257698863996
955.200000000149 0.2954417500101935
955.300000000149 0.29416075862366986
955.400000000149 0.29287967206187776
955.500000000149 0.29159857807878525
955.6000000001491 0.290240197214127
955.7000000001491 0.28888216804721684
955.8000000001491 0.28752463275691975
955.9000000001491 0.28616775074409245
956.0000000001492 0.2848116981672715
956.1000000001492 0.28496764358423804
956.2000000001492 0.2851226326066255
956.3000000001492 0.28527688649369576
956.4000000001492 0.2854306465259065
956.5000000001493 0.2855841740469709
956.6000000001493 0.2861218065888552
956.7000000001493 0.2866580690645982
956.8000000001493 0.2871929574989964
956.9000000001494 0.28772646789452466
957.0000000001494 0.28825859624452677
957.1000000001494 0.29276965162004714
957.2000000001494 0.2972729030911593
957.3000000001495 0.30176833981721823
957.4000000001495 0.3062559507741301
957.5000000001495 0.31073572474490385
957.6000000001495 0.31094086725528053
957.7000000001495 0.3111450905675358
957.8000000001496 0.31134840029273647
957.9000000001496 0.3115508020576377
958.0000000001496 0.3117523014962731
958.1000000001496 0.3093208142177204
958.2000000001497 0.3068924063556109
958.3000000001497 0.30446708792138744
958.4000000001497 0.30204486872892194
958.5000000001497 0.2996257583986279
958.6000000001497 0.29743700620074043
958.7000000001498 0.29525128758153485
958.8000000001498 0.29306846316892365
958.9000000001498 0.29088840751413025
959.0000000001498 0.2887110087058191
959.1000000001499 0.2870567274048697
959.2000000001499 0.28540421269186367
959.3000000001499 0.28375338767712954
959.4000000001499 0.282104186948952
959.50000000015 0.28045655630007393
959.60000000015 0.28263694484736157
959.70000000015 0.2848127685173008
959.80000000015 0.2869839801126609
959.90000000015 0.2891505407864839
960.0000000001501 0.2913124203874424
960.1000000001501 0.2933635062487814
960.2000000001501 0.2954095470960677
960.3000000001501 0.29745054283737543
960.4000000001502 0.2994865034033654
960.5000000001502 0.30151744906461403
960.6000000001502 0.3027996392222398
960.7000000001502 0.30407830609464287
960.8000000001502 0.305353504306627
960.9000000001503 0.3066253002033761
961.0000000001503 0.30789377206292534
961.1000000001503 0.3091968811236976
961.2000000001503 0.3104971600584508
961.3000000001504 0.31179472293725413
961.4000000001504 0.31308969665612163
961.5000000001504 0.3143822211388052
961.6000000001504 0.31257543991082826
961.7000000001505 0.31077100018172216
961.8000000001505 0.308968902931733
961.9000000001505 0.30716914887731456
962.0000000001505 0.305371738473998
962.1000000001505 0.3022242420322856
962.2000000001506 0.29908192904504977
962.3000000001506 0.29594480027258635
962.4000000001506 0.29281285632173776
962.5000000001506 0.28968609767521086
962.6000000001507 0.2918266123469044
962.7000000001507 0.2939624761606199
962.8000000001507 0.29609369093284016
962.9000000001507 0.2982202589269276
963.0000000001507 0.300342182865772
963.1000000001508 0.3024712194002628
963.2000000001508 0.30459578686012767
963.3000000001508 0.3067158889420793
963.4000000001508 0.3088315298400226
963.5000000001509 0.31094271424662506
963.6000000001509 0.3098636172536693
963.7000000001509 0.3087861139985248
963.8000000001509 0.30771006053914096
963.900000000151 0.3066353249605637
964.000000000151 0.30556178719218396
964.100000000151 0.30532253358773054
964.200000000151 0.3050827168503589
964.300000000151 0.30484224685199196
964.4000000001511 0.3046010437117148
964.5000000001511 0.3043590377622834
964.6000000001511 0.30519179848434486
964.7000000001511 0.30602143387119324
964.8000000001512 0.3068479014421657
964.9000000001512 0.3076711687278178
965.0000000001512 0.3084912134122088
965.1000000001512 0.3099619081257576
965.2000000001512 0.311428137926664
965.3000000001513 0.31288990647061704
965.4000000001513 0.314347228348294
965.5000000001513 0.31580012931648593
965.6000000001513 0.314196800937774
965.7000000001514 0.3125954457853436
965.8000000001514 0.31099614615940935
965.9000000001514 0.3093989929406426
966.0000000001514 0.30780408533054787
966.1000000001515 0.3050493385451804
966.2000000001515 0.3022988656593285
966.3000000001515 0.29955279231306703
966.4000000001515 0.29681124947527604
966.5000000001515 0.2940743730268485
966.6000000001516 0.29506757308700443
966.7000000001516 0.29605829373552867
966.8000000001516 0.2970465259440209
966.9000000001516 0.2980322608909918
967.0000000001517 0.2990154899784553
967.1000000001517 0.30344934727609574
967.2000000001517 0.3078728548691779
967.3000000001517 0.3122860037393051
967.4000000001517 0.31668878485864305
967.5000000001518 0.3210811892037935
967.6000000001518 0.32233241597657636
967.7000000001518 0.3235800625950497
967.8000000001518 0.32482412319758464
967.9000000001519 0.32606459218910744
968.0000000001519 0.32730146423879025
968.1000000001519 0.3255982080183844
968.2000000001519 0.3238980123070276
968.300000000152 0.32220087526532515
968.400000000152 0.3205067954370468
968.500000000152 0.3188157717474187
968.600000000152 0.31932905677668116
968.700000000152 0.31984040971806127
968.8000000001521 0.32034969903800287
968.9000000001521 0.3208568031612174
969.0000000001521 0.3213616105647476
969.1000000001521 0.32188853853866667
969.2000000001522 0.3224130566184058
969.3000000001522 0.32293508340858557
969.4000000001522 0.3234545479051668
969.5000000001522 0.3239713895819727
969.6000000001522 0.32292196320766586
969.7000000001523 0.3218733835291113
969.8000000001523 0.32082561291544703
969.9000000001523 0.3197786250566279
970.0000000001523 0.31873240478813125
970.1000000001524 0.3181211752228173
970.2000000001524 0.3175096568614916
970.3000000001524 0.3168978638371522
970.4000000001524 0.31628582084312235
970.5000000001525 0.31567356303270555
970.6000000001525 0.31613686266925917
970.7000000001525 0.31659768338306404
970.8000000001525 0.31705609319630956
970.9000000001525 0.3175121705940573
971.0000000001526 0.3179660045857011
971.1000000001526 0.31691937400646114
971.2000000001526 0.3158741557392636
971.3000000001526 0.3148304722145047
971.4000000001527 0.31378845416689527
971.5000000001527 0.3127482404763621
971.6000000001527 0.31210876699680107
971.7000000001527 0.31146990306560157
971.8000000001527 0.3108316507639129
971.9000000001528 0.3101940124703761
972.0000000001528 0.3095569908614863
972.1000000001528 0.3090338616517985
972.2000000001528 0.30851108243982056
972.3000000001529 0.30798865671827697
972.4000000001529 0.30746658826902323
972.5000000001529 0.3069448811577167
972.6000000001529 0.3057671054399861
972.700000000153 0.3045913355635099
972.800000000153 0.3034175663726029
972.900000000153 0.30224579248318756
973.000000000153 0.3010760082891586
973.100000000153 0.3001709089317589
973.2000000001531 0.2992671099611784
973.3000000001531 0.29836460505785417
973.4000000001531 0.29746338767804476
973.5000000001531 0.29656345105996157
973.6000000001532 0.2959888399240473
973.7000000001532 0.29541469707885853
973.8000000001532 0.29484102460680134
973.9000000001532 0.2942678248752472
974.0000000001532 0.2936951005300783
974.1000000001533 0.29275088624392603
974.2000000001533 0.29180805784544955
974.3000000001533 0.29086661908603695
974.4000000001533 0.28992657396776156
974.5000000001534 0.2889879267380963
974.6000000001534 0.2880506699867222
974.7000000001534 0.2871147964025047
974.8000000001534 0.2861803103056561
974.9000000001535 0.2852472156740785
975.0000000001535 0.2843155161508914
975.1000000001535 0.2842126167600128
975.2000000001535 0.28410903332866055
975.3000000001535 0.28400476816855746
975.4000000001536 0.28389982329836766
975.5000000001536 0.2837942004437367
975.6000000001536 0.28318235457078567
975.7000000001536 0.28257112932537126
975.8000000001537 0.2819605178865653
975.9000000001537 0.2813505137794819
976.0000000001537 0.2807411108730021
976.1000000001537 0.2809845371119803
976.2000000001538 0.2812262794255755
976.3000000001538 0.28146633275575467
976.4000000001538 0.2817046923136183
976.5000000001538 0.2819413535845639
976.6000000001538 0.28329878162481725
976.7000000001539 0.2846514045441556
976.8000000001539 0.2859992187826967
976.9000000001539 0.287342221003501
977.0000000001539 0.28868040809518564
977.100000000154 0.2891372168360956
977.200000000154 0.2895919233322643
977.300000000154 0.2900445238986237
977.400000000154 0.29049501513141884
977.500000000154 0.2909433939072156
977.6000000001541 0.2899736382156089
977.7000000001541 0.2890052260782603
977.8000000001541 0.28803816639085056
977.9000000001541 0.28707246823633403
978.0000000001542 0.2861081408804824
978.1000000001542 0.28541590319348903
978.2000000001542 0.2847244710437714
978.3000000001542 0.28403385359979044
978.4000000001543 0.28334406023013337
978.5000000001543 0.2826551005006221
978.6000000001543 0.2822100591384915
978.7000000001543 0.281765177154342
978.8000000001543 0.28132045548666657
978.9000000001544 0.28087589478212804
979.0000000001544 0.2804314953966023
979.1000000001544 0.2797852636459661
979.2000000001544 0.27913980187435444
979.3000000001545 0.278495109387104
979.4000000001545 0.2778511852111079
979.5000000001545 0.2772080281006495
979.6000000001545 0.2772246853089515
979.7000000001545 0.27724018144606916
979.8000000001546 0.277254518723344
979.9000000001546 0.2772676987878285
980.0000000001546 0.27727972272183304
980.1000000001546 0.2773075852249994
980.2000000001547 0.2773342760834274
980.3000000001547 0.2773597943896835
980.4000000001547 0.27738413867150064
980.5000000001547 0.2774073068938616
980.6000000001548 0.27849249325863473
980.7000000001548 0.27957352380508205
980.8000000001548 0.2806503919567678
980.9000000001548 0.28172309131914913
981.0000000001548 0.28279161568209765
981.1000000001549 0.28288981986711714
981.2000000001549 0.2829867109545008
981.3000000001549 0.28308228320157275
981.4000000001549 0.28317653114699254
981.500000000155 0.2832694496087886
981.600000000155 0.28260351632077596
981.700000000155 0.2819382356697105
981.800000000155 0.2812736120322769
981.900000000155 0.2806096494620375
982.0000000001551 0.27994635169418564
982.1000000001551 0.2791430222977862
982.2000000001551 0.2783407953647247
982.3000000001551 0.27753967361343373
982.4000000001552 0.27673965945322954
982.5000000001552 0.27594075498783116
982.6000000001552 0.2754877640688588
982.7000000001552 0.27503491912046807
982.8000000001553 0.2745822219237759
982.9000000001553 0.27412967452657294
983.0000000001553 0.2736772792443872
983.1000000001553 0.27406681949242606
983.2000000001553 0.27445402237263394
983.3000000001554 0.2748388914686658
983.4000000001554 0.27522143065964916
983.5000000001554 0.27560164412285615
983.6000000001554 0.2756971741169863
983.7000000001555 0.2757916935098422
983.8000000001555 0.2758849481667184
983.9000000001555 0.27597670186593687
984.0000000001555 0.2760667363386482
984.1000000001555 0.275411144077004
984.2000000001556 0.2747556257322679
984.3000000001556 0.2741000233862019
984.4000000001556 0.2734441987620972
984.5000000001556 0.2727880330037527
984.6000000001557 0.2720756158571204
984.7000000001557 0.2713628706115704
984.8000000001557 0.27064974127576974
984.9000000001557 0.2699361912136866
985.0000000001558 0.26922220290139504
985.1000000001558 0.2691290493363063
985.2000000001558 0.2690336056073361
985.3000000001558 0.2689359012592694
985.4000000001558 0.26883598443734846
985.5000000001559 0.2687339218517989
985.6000000001559 0.26879471501226476
985.7000000001559 0.26885298704988225
985.8000000001559 0.26890886158089594
985.900000000156 0.26896248015730706
986.000000000156 0.2690140022741472
986.100000000156 0.26871682102187017
986.200000000156 0.26841910921085993
986.300000000156 0.26812107968479565
986.4000000001561 0.2678229620703817
986.5000000001561 0.2675250026797408
986.6000000001561 0.267010976471364
986.7000000001561 0.2664973168195934
986.8000000001562 0.26598401988277065
986.9000000001562 0.2654710821176805
987.0000000001562 0.26495850027657236
987.1000000001562 0.26440885563821465
987.2000000001563 0.2638596886705541
987.3000000001563 0.26331099686035536
987.4000000001563 0.26276277798088155
987.5000000001563 0.2622150300885924
987.6000000001563 0.26188078182529434
987.7000000001564 0.2615462624368943
987.8000000001564 0.2612114703646609
987.9000000001564 0.26087640379264737
988.0000000001564 0.2605410606512767
988.1000000001565 0.260356362547362
988.2000000001565 0.26017097708058956
988.3000000001565 0.2599849012112272
988.4000000001565 0.25979813164435195
988.5000000001565 0.25961066483081036
988.6000000001566 0.25921246676277054
988.7000000001566 0.25881401104111035
988.8000000001566 0.25841542028828046
988.9000000001566 0.258016807979554
989.0000000001567 0.2576182785053567
989.1000000001567 0.25712573054005655
989.2000000001567 0.25663374019080143
989.3000000001567 0.2561423845150764
989.4000000001568 0.25565173164572
989.5000000001568 0.2551618408702298
989.6000000001568 0.2546211990838615
989.7000000001568 0.25408155960187523
989.8000000001568 0.25354294689866524
989.9000000001569 0.2530053764626862
990.0000000001569 0.25246885488940074
990.1000000001569 0.25210733837249516
990.2000000001569 0.2517462939952704
990.300000000157 0.25138570356587003
990.400000000157 0.2510255402933683
990.500000000157 0.250665768850632
990.600000000157 0.25035705579755174
990.700000000157 0.2500484867964425
990.8000000001571 0.24974000566404098
990.9000000001571 0.24943154810356938
991.0000000001571 0.24912304175922487
991.1000000001571 0.24875819862296486
991.2000000001572 0.24839332731464883
991.3000000001572 0.24802833157798712
991.4000000001572 0.24766310740059444
991.5000000001572 0.24729754307609234
991.6000000001573 0.24698145486157194
991.7000000001573 0.24666509687550567
991.8000000001573 0.24634846903408625
991.9000000001573 0.24603157125452327
992.0000000001573 0.2457144034525101
992.1000000001574 0.24525020129999509
992.2000000001574 0.24478622216998724
992.3000000001574 0.24432246602808078
992.4000000001574 0.24385893284063193
992.5000000001575 0.24339562257323535
992.6000000001575 0.24293253519174038
992.7000000001575 0.24246967066250028
992.8000000001575 0.24200702895136283
992.9000000001575 0.24154461002442743
993.0000000001576 0.24108241384742807
993.1000000001576 0.2407077916838162
993.2000000001576 0.24033306567114981
993.3000000001576 0.2399582358464243
993.4000000001577 0.23958330224688168
993.5000000001577 0.2392082649100846
993.6000000001577 0.23888108617802187
993.7000000001577 0.23855342427158252
993.8000000001578 0.2382253881775773
993.9000000001578 0.2378970782975833
994.0000000001578 0.237568586500392
994.1000000001578 0.23718859802928102
994.2000000001578 0.23680880145962
994.3000000001579 0.23642926310395532
994.4000000001579 0.2360500409116933
994.5000000001579 0.2356711845323002
994.6000000001579 0.23529272566505466
994.700000000158 0.2349147010643033
994.800000000158 0.2345371391163351
994.900000000158 0.23416005990550737
995.000000000158 0.23378347527924048
995.100000000158 0.23338961855854115
995.2000000001581 0.23299631496654255
995.3000000001581 0.23260355191369542
995.4000000001581 0.23221130884247457
995.5000000001581 0.2318195572946466
995.6000000001582 0.2314282801015815
995.7000000001582 0.23103742629188379
995.8000000001582 0.23064693771127137
995.9000000001582 0.23025674908767035
996.0000000001583 0.22986678809463387
996.1000000001583 0.22948670127870513
996.2000000001583 0.22910666508076896
996.3000000001583 0.22872658640309812
996.4000000001583 0.22834636533115205
996.5000000001584 0.22796589519457056
996.6000000001584 0.22758504382925698
996.7000000001584 0.22720412617900093
996.8000000001584 0.2268231455215894
996.9000000001585 0.22644210488444208
997.0000000001585 0.2260610070442301
997.1000000001585 0.22569466688112758
997.2000000001585 0.22532820243366708
997.3000000001585 0.22496161571101778
997.4000000001586 0.22459490848124009
997.5000000001586 0.22422808227338456
997.6000000001586 0.22386114761953338
997.7000000001586 0.22349411498347743
997.8000000001587 0.22312698577551424
997.9000000001587 0.2227597616225988
998.0000000001587 0.22239244436620847
998.1000000001587 0.22201174060795914
998.2000000001588 0.22163101893791112
998.3000000001588 0.2212502818408838
998.4000000001588 0.22086953200852139
998.5000000001588 0.22048877233688557
998.6000000001588 0.22010830602800247
998.7000000001589 0.2197280027412562
998.8000000001589 0.21934775829507905
998.9000000001589 0.21896747635766758
999.0000000001589 0.21858706838548608
999.100000000159 0.2181833849543443
999.200000000159 0.2177795021364169
999.300000000159 0.2173753544895415
999.400000000159 0.21697088413690932
999.500000000159 0.21656604070043112
999.6000000001591 0.21616078123499963
999.7000000001591 0.21575509478765864
999.8000000001591 0.2153489601721574
999.9000000001591 0.21494236382013468
1000.0000000001592 0.21453529971179852
1000.1000000001592 0.2142133226522902
1000.2000000001592 0.21389061447442462
1000.3000000001592 0.21356719072684757
1000.4000000001593 0.21324307425858025
1000.5000000001593 0.21291829516449023
1000.6000000001593 0.21250718506735505
1000.7000000001593 0.21209577927683507
1000.8000000001593 0.21168412626108535
1000.9000000001594 0.2112722812227074
1001.0000000001594 0.21086030603037625
1001.1000000001594 0.21041389348566547
1001.2000000001594 0.20996760780294627
1001.3000000001595 0.20952153049585717
1001.4000000001595 0.20907574940953555
1001.5000000001595 0.20863035864632612
1001.6000000001595 0.20818545849297207
1001.7000000001595 0.207740764033742
1001.8000000001596 0.2072962753683047
1001.9000000001596 0.20685199259698403
1002.0000000001596 0.20640791582004017
1002.1000000001596 0.2060546173465312
1002.2000000001597 0.2057012006422553
1002.3000000001597 0.20534766573563418
1002.4000000001597 0.20499401265509326
1002.5000000001597 0.20464024143004367
1002.6000000001598 0.20436904237430514
1002.7000000001598 0.2040974052367433
1002.8000000001598 0.20382533009682574
1002.9000000001598 0.20355281703402828
1003.0000000001598 0.2032798661276833
1003.1000000001599 0.202912542843001
1003.2000000001599 0.20254515291529915
1003.3000000001599 0.2021776963418278
1003.4000000001599 0.20181017312025712
1003.50000000016 0.20144258324825648
1003.60000000016 0.20107520083240793
1003.70000000016 0.20070792664968645
1003.80000000016 0.20034066891964167
1003.90000000016 0.19997334324220123
1004.0000000001601 0.19960587253613177
1004.1000000001601 0.19923227222494194
1004.2000000001601 0.19885844350328918
1004.3000000001601 0.1984843309101246
1004.4000000001602 0.19810988606425783
1004.5000000001602 0.1977350676022773
1004.6000000001602 0.19735984926005468
1004.7000000001602 0.1969842005721046
1004.8000000001603 0.19660809812415841
1004.9000000001603 0.19623152548968525
1005.0000000001603 0.19585447316502735
1005.1000000001603 0.19547007897889432
1005.2000000001603 0.19508523135488942
1005.3000000001604 0.1946999412286318
1005.4000000001604 0.19431422619575117
1005.5000000001604 0.19392811044546793
1005.6000000001604 0.1935416087080587
1005.7000000001605 0.19315476395245615
1005.8000000001605 0.19276762510389706
1005.9000000001605 0.19238024697955358
1006.0000000001605 0.19199269022579937
1006.1000000001605 0.19162268959619544
1006.2000000001606 0.19125260883621142
1006.3000000001606 0.19088252568940398
1006.4000000001606 0.19051252350770856
1006.5000000001606 0.1901426911917002
1006.6000000001607 0.1898114381285246
1006.7000000001607 0.18948005313880903
1006.8000000001607 0.18914853349588992
1006.9000000001607 0.18881687668228112
1007.0000000001608 0.18848508038887168
1007.1000000001608 0.18807308098578673
1007.2000000001608 0.1876612543758094
1007.3000000001608 0.18724959885156944
1007.4000000001608 0.18683811291009114
1007.5000000001609 0.18642679525036926
1007.6000000001609 0.18605318566670762
1007.7000000001609 0.18567957608079397
1007.8000000001609 0.18530596532193275
1007.900000000161 0.18493235204218333
1008.000000000161 0.1845587347160205
1008.100000000161 0.18411269513388803
1008.200000000161 0.1836669614004002
1008.300000000161 0.18322153136019728
1008.4000000001611 0.18277640269343445
1008.5000000001611 0.18233157291647564
1008.6000000001611 0.1818865432804574
1008.7000000001611 0.18144151206715248
1008.8000000001612 0.1809966487263032
1008.9000000001612 0.180552109124616
1009.0000000001612 0.18010803569463577
1009.1000000001612 0.17972432007450365
1009.2000000001613 0.17934106997996055
1009.3000000001613 0.1789583890981989
1009.4000000001613 0.17857636840028204
1009.5000000001613 0.17819508626978064
1009.6000000001613 0.17788660558087502
1009.7000000001614 0.17757867966456886
1009.8000000001614 0.17727134744131895
1009.9000000001614 0.17696463528534875
1010.0000000001614 0.17665855713166695
1010.1000000001615 0.1763744393913583
1010.2000000001615 0.17609085425709772
1010.3000000001615 0.17580777931013708
1010.4000000001615 0.17552518009787121
1010.5000000001615 0.17524301023138966
1010.6000000001616 0.17492593015262012
1010.7000000001616 0.1746093124097084
1010.8000000001616 0.17429307311849052
1010.9000000001616 0.17397711746928593
1011.0000000001617 0.17366133983192344
1011.1000000001617 0.1732903362753294
1011.2000000001617 0.17291952215453027
1011.3000000001617 0.17254876004897007
1011.4000000001618 0.1721779023267112
1011.5000000001618 0.17180679126912615
1011.6000000001618 0.17140068147229806
1011.7000000001618 0.17099475860696967
1011.8000000001618 0.17058902514121246
1011.9000000001619 0.1701834833467815
1012.0000000001619 0.16977813530272048
1012.1000000001619 0.16942908597026438
1012.2000000001619 0.16907999248788427
1012.300000000162 0.1687308563884268
1012.400000000162 0.16838167902190992
1012.500000000162 0.16803246155630872
1012.600000000162 0.16771705311506233
1012.700000000162 0.16740147935129696
1012.8000000001621 0.16708574130639042
1012.9000000001621 0.16676984018263766
1013.0000000001621 0.16645377734191297
1013.1000000001621 0.1661008094268843
1013.2000000001622 0.16574783731658807
1013.3000000001622 0.1653948628542084
1013.4000000001622 0.1650418880346208
1013.5000000001622 0.16468891500173208
1013.6000000001623 0.16433617010931154
1013.7000000001623 0.16398355577709126
1013.8000000001623 0.16363099410091708
1013.9000000001623 0.16327841316001251
1014.0000000001623 0.16292574695935072
1014.1000000001624 0.1625685080792548
1014.2000000001624 0.16221111899422283
1014.3000000001624 0.16185353116180043
1014.4000000001624 0.161495701739693
1014.5000000001625 0.1611375935280973
1014.6000000001625 0.1607791749115246
1014.7000000001625 0.16042043810848503
1014.8000000001625 0.16006136774666282
1014.9000000001625 0.15970195413874824
1015.0000000001626 0.15934219322162516
1015.1000000001626 0.15901088062537927
1015.2000000001626 0.15867913482704038
1015.3000000001626 0.1583469680532476
1015.4000000001627 0.15801439791704888
1015.5000000001627 0.15768144735939782
1015.6000000001627 0.1573481445919963
1015.7000000001627 0.1570145140841333
1015.8000000001628 0.15668059184253733
1015.9000000001628 0.1563464188332606
1016.0000000001628 0.156012040925433
1016.1000000001628 0.1556704843966151
1016.2000000001628 0.15532885981729633
1016.3000000001629 0.1549872274275366
1016.4000000001629 0.15464565213264164
1016.5000000001629 0.15430420344573081
1016.6000000001629 0.15396295543067698
1016.700000000163 0.15362169727423053
1016.800000000163 0.15328042897871666
1016.900000000163 0.15293915054646065
1017.000000000163 0.15259786197961303
1017.100000000163 0.1522459783935123
1017.2000000001631 0.1518941321273128
1017.3000000001631 0.15154232318542823
1017.4000000001631 0.15119055157242908
1017.5000000001631 0.15083881729257184
1017.6000000001632 0.15048712035058157
1017.7000000001632 0.15013546075055903
1017.8000000001632 0.149783838497073
1017.9000000001632 0.14943225359469048
1018.0000000001633 0.14908070604769694
1018.1000000001633 0.14874663503026742
1018.2000000001633 0.14841255311929585
1018.3000000001633 0.1480784603212253
1018.4000000001633 0.1477443566424986
1018.5000000001634 0.14741024208950945
1018.6000000001634 0.14704646422591755
1018.7000000001634 0.14668281023331373
1018.8000000001634 0.14631928012496392
1018.9000000001635 0.145955873913824
1019.0000000001635 0.14559259161275476
1019.1000000001635 0.14526672029070312
1019.2000000001635 0.14494083469476807
1019.3000000001635 0.14461493482630977
1019.4000000001636 0.1442890206865379
1019.5000000001636 0.14396309227670945
1019.6000000001636 0.14366613792279484
1019.7000000001636 0.1433690377343548
1019.8000000001637 0.1430717917038556
1019.9000000001637 0.142774399824061
1020.0000000001637 0.14247686208739901
1020.1000000001637 0.1421546371931748
1020.2000000001638 0.14183237738386256
1020.3000000001638 0.14151008267144896
1020.4000000001638 0.1411877530682134
1020.5000000001638 0.14086538858585054
1020.6000000001638 0.14054298923649422
1020.7000000001639 0.14022055503213227
1020.8000000001639 0.13989808598475328
1020.9000000001639 0.13957558210649085
1021.0000000001639 0.1392530434091692
1021.100000000164 0.13891814206978204
1021.200000000164 0.13858326467308135
1021.300000000164 0.13824841122967205
1021.400000000164 0.137913581749585
1021.500000000164 0.1375787762434227
1021.6000000001641 0.13724399472135831
1021.7000000001641 0.1369092371938493
1021.8000000001641 0.13657450367106844
1021.9000000001641 0.13623979416347137
1022.0000000001642 0.13590510868138578
1022.1000000001642 0.13557934449062614
1022.2000000001642 0.13525359617195057
1022.3000000001642 0.13492786372617513
1022.4000000001643 0.1346021471532762
1022.5000000001643 0.134276446453884
1022.6000000001643 0.1339237554265862
1022.7000000001643 0.13357121159161764
1022.8000000001643 0.13321881494000884
1022.9000000001644 0.13286656546237535
1023.0000000001644 0.13251446314979268
1023.1000000001644 0.13219124982252292
1023.2000000001644 0.1318680757654376
1023.3000000001645 0.13154494097740618
1023.4000000001645 0.13122184545729682
1023.5000000001645 0.13089878920366174
1023.6000000001645 0.13054959785752132
1023.7000000001646 0.13020068928998554
1023.8000000001646 0.12985200369914468
1023.9000000001646 0.12950348626490704
1024.0000000001646 0.12915508708948836
1024.1000000001645 0.1288745764717989
1024.2000000001647 0.12859376746760628
1024.3000000001648 0.12831262432211663
1024.4000000001647 0.1280311159017884
1024.5000000001646 0.12774921564785013
1024.6000000001648 0.12746690679081896
1024.700000000165 0.12718416987221173
1024.8000000001648 0.12690099001413555
1024.9000000001647 0.1266173568702228
1025.0000000001648 0.12633326457747623
1025.100000000165 0.1259033315943639
1025.200000000165 0.12547311010550286
1025.3000000001648 0.1250426084655102
1025.400000000165 0.12461183926962925
1025.500000000165 0.12418081927888358
1025.600000000165 0.12374955912469368
1025.700000000165 0.123318087421
1025.800000000165 0.1228864364232457
1025.9000000001652 0.12245464195802035
1026.000000000165 0.12202274335283564
1026.100000000165 0.12159490547113147
1026.2000000001651 0.12116702360094327
1026.3000000001653 0.12073914714794166
1026.4000000001652 0.1203113287448936
1026.500000000165 0.1198836241819201
1026.6000000001652 0.11945610220588528
1026.7000000001653 0.11902859684520489
1026.8000000001653 0.11860110631076957
1026.9000000001652 0.11817362895678475
1027.0000000001653 0.11774616327911558
1027.1000000001654 0.11732918903360796
1027.2000000001653 0.11691224791738718
1027.3000000001653 0.11649533884743224
1027.4000000001654 0.11607846087313686
1027.5000000001655 0.11566161317419606
1027.6000000001654 0.11524479030103471
1027.7000000001653 0.11482798688227268
1027.8000000001655 0.11441120223080291
1027.9000000001656 0.11399443555496214
1028.0000000001655 0.11357768596016535
1028.1000000001654 0.11316186499309923
1028.2000000001656 0.11274610315578527
1028.3000000001657 0.11233039924795957
1028.4000000001656 0.11191475197469365
1028.5000000001655 0.11149915994895944
1028.6000000001657 0.11108331870798527
1028.7000000001658 0.11066735051737318
1028.8000000001657 0.11025135945976972
1028.9000000001656 0.10983544081918169
1029.0000000001658 0.10941968121760057
1029.100000000166 0.1090317814647412
1029.2000000001658 0.10864408808578253
1029.3000000001657 0.10825666277341037
1029.4000000001658 0.10786955916723644
1029.500000000166 0.10748282298261976
1029.600000000166 0.10711807975106893
1029.7000000001658 0.10675360151752694
1029.800000000166 0.10638940931454484
1029.900000000166 0.10602551648102182
1030.000000000166 0.10566192878895356
1030.100000000166 0.1052647138056528
1030.200000000166 0.10486804247921681
1030.3000000001662 0.1044718981986026
1030.400000000166 0.10407625731863487
1030.500000000166 0.10368108929657155
1030.6000000001661 0.10328636536338583
1030.7000000001663 0.1028920443257969
1030.8000000001662 0.10249807453841547
1030.900000000166 0.10210439833082627
1031.0000000001662 0.10171095213700478
1031.1000000001663 0.10133639109273027
1031.2000000001663 0.10096193227389318
1031.3000000001662 0.1005874952029016
1031.4000000001663 0.10021299396134109
1031.5000000001664 0.09983833731437475
1031.6000000001663 0.09946342061771062
1031.7000000001663 0.09908851883251225
1031.8000000001664 0.0987136334613108
1031.9000000001665 0.09833876588585441
1032.0000000001664 0.09796391736934519
1032.1000000001663 0.09759983511476344
1032.2000000001665 0.09723569257753545
1032.3000000001666 0.09687149067150262
1032.4000000001665 0.09650723019984851
1032.5000000001664 0.09614291185665036
1032.6000000001666 0.09577854018292058
1032.7000000001667 0.0954141196510661
1032.8000000001666 0.0950496508378829
1032.9000000001665 0.09468513440703123
1033.0000000001667 0.09432057110649626
1033.1000000001668 0.09396038237929522
1033.2000000001667 0.09360022333526194
1033.3000000001666 0.09324009496917288
1033.4000000001668 0.09287999835382445
1033.500000000167 0.09251993463723786
1033.6000000001668 0.09216003069586265
1033.7000000001667 0.09180023116839313
1033.8000000001668 0.09144049207014206
1033.900000000167 0.09108077306080045
1034.000000000167 0.09072103738590195
1034.1000000001668 0.09037808416533386
1034.200000000167 0.09003497508273318
1034.300000000167 0.08969168371274669
1034.400000000167 0.08934818696345685
1034.500000000167 0.089004465020051
1034.600000000167 0.08866050128984462
1034.7000000001672 0.08831629242518871
1034.800000000167 0.08797183094421077
1034.900000000167 0.08762711255085985
1035.0000000001671 0.08728213607579406
1035.1000000001673 0.0869445584399315
1035.2000000001672 0.0866067797066287
1035.300000000167 0.08626880768165934
1035.4000000001672 0.08593065306033362
1035.5000000001673 0.0855923293684998
1035.6000000001673 0.08525385290456018
1035.7000000001672 0.0849152378373764
1035.8000000001673 0.08457650447255619
1035.9000000001674 0.08423767564860496
1036.0000000001673 0.08389877667997868
1036.1000000001673 0.08356307624421916
1036.2000000001674 0.08322739336823992
1036.3000000001675 0.08289176044504602
1036.4000000001674 0.08255621212139448
1036.5000000001673 0.08222078524171458
1036.6000000001675 0.08188551879200019
1036.7000000001676 0.08155030023106759
1036.8000000001675 0.08121512955959334
1036.9000000001674 0.08088000677850539
1037.0000000001676 0.08054493188874878
1037.1000000001677 0.08022111682159176
1037.2000000001676 0.07989731456666166
1037.3000000001675 0.07957352512787969
1037.4000000001677 0.07924974850908495
1037.5000000001678 0.07892598471436385
1037.6000000001677 0.07860223374747491
1037.7000000001676 0.07827849561250116
1037.8000000001678 0.07795477031336169
1037.900000000168 0.07763105785381638
1038.0000000001678 0.07730735823804866
1038.1000000001677 0.0769966107332359
1038.2000000001678 0.07668588428013023
1038.300000000168 0.07637517887958556
1038.400000000168 0.07606449453221843
1038.5000000001678 0.07575383123895953
1038.600000000168 0.07544318900050313
1038.700000000168 0.07513256781762359
1038.800000000168 0.07482196769124984
1038.900000000168 0.07451138862199887
1039.000000000168 0.07420083061071343
1039.1000000001682 0.07388637109619012
1039.200000000168 0.0735719658220842
1039.300000000168 0.07325761478295995
1039.4000000001681 0.07294331797368594
1039.5000000001683 0.07262907538897981
1039.6000000001682 0.07231488702348483
1039.700000000168 0.07200075287206734
1039.8000000001682 0.07168667292929543
1039.9000000001683 0.07137264718996238
1040.0000000001683 0.07105867564889841
1040.1000000001682 0.07076719080364528
1040.2000000001683 0.07047568704181276
1040.3000000001684 0.07018416436522174
1040.4000000001683 0.06989262277561999
1040.5000000001683 0.06960106227468198
1040.6000000001684 0.06930948286429835
1040.7000000001685 0.06901788454607355
1040.8000000001684 0.06872626732189865
1040.9000000001683 0.06843463119344886
1041.0000000001685 0.06814297616253345
1041.1000000001686 0.0678464948045766
1041.2000000001685 0.06755003631574932
1041.3000000001684 0.06725360069613674
1041.4000000001686 0.066957187945824
1041.5000000001687 0.06666079806489736
1041.6000000001686 0.06636443105351167
1041.7000000001685 0.06606808691168255
1041.8000000001687 0.06577176563949468
1041.9000000001688 0.06547546723710168
1042.0000000001687 0.06517919170453522
1042.1000000001686 0.06489125741465485
1042.2000000001688 0.06460339430943718
1042.300000000169 0.06431560238185849
1042.4000000001688 0.06402788162509475
1042.5000000001687 0.06374023203218643
1042.6000000001688 0.06345265359610855
1042.700000000169 0.06316514630990383
1042.800000000169 0.06287771016667991
1042.9000000001688 0.0625903451595419
1043.000000000169 0.062303051281417235
1043.100000000169 0.06202553493490966
1043.200000000169 0.061748001629053834
1043.300000000169 0.06147045136536573
1043.400000000169 0.0611928841454888
1043.5000000001692 0.06091529997094111
1043.600000000169 0.06063778150588167
1043.700000000169 0.06036029822952339
1043.8000000001691 0.060082822178967696
1043.9000000001693 0.05980532790263304
1044.0000000001692 0.05952779241344378
1044.100000000169 0.05924687922070189
1044.2000000001692 0.058966043889828
1044.3000000001693 0.05868527053369329
1044.4000000001693 0.058404545545969556
1044.5000000001692 0.05812385755351101
1044.6000000001693 0.057831549565440704
1044.7000000001694 0.057539376886996806
1044.8000000001693 0.057247333743166214
1044.9000000001693 0.05695541647956198
1045.0000000001694 0.056663623512003256
1045.1000000001695 0.05640518348225065
1045.2000000001694 0.05614654955125933
1045.3000000001693 0.055887725939794373
1045.4000000001695 0.055628718751351544
1045.5000000001696 0.05536953592756987
1045.6000000001695 0.055110182651167385
1045.7000000001694 0.054850672087382826
1045.8000000001696 0.05459101896282828
1045.9000000001697 0.054331239523487
1046.0000000001696 0.05407135149183593
1046.1000000001695 0.05381559485803338
1046.2000000001697 0.05355986317333864
1046.3000000001698 0.05330417832402265
1046.4000000001697 0.05304856351044353
1046.5000000001696 0.05279304320606659
1046.6000000001698 0.052537647456192084
1046.70000000017 0.05228230304996348
1046.8000000001698 0.05202700917278639
1046.9000000001697 0.05177176507678135
1047.0000000001698 0.05151657007933714
1047.10000000017 0.051269569947036096
1047.20000000017 0.05102260523689062
1047.3000000001698 0.050775675456371454
1047.40000000017 0.05052878017265299
1047.50000000017 0.0502819190117278
1047.60000000017 0.0500350895914789
1047.70000000017 0.04978828957588594
1047.80000000017 0.049541518669972626
1047.9000000001702 0.049294776535203325
1048.00000000017 0.049048062790633
1048.10000000017 0.04880330996910827
1048.2000000001701 0.048558565025519966
1048.3000000001703 0.048313827463982384
1048.4000000001702 0.048069096751009635
1048.50000000017 0.04782437231694116
1048.6000000001702 0.047569996010477344
1048.7000000001703 0.047315688026054015
1048.8000000001703 0.0470614711919376
1048.9000000001702 0.04680736633415694
1049.0000000001703 0.04655339231843068
1049.1000000001704 0.04632290678309027
1049.2000000001703 0.04609248380283868
1049.3000000001703 0.045862136717469144
1049.4000000001704 0.045631877097828476
1049.5000000001705 0.045401714783438976
1049.6000000001704 0.04517165792010599
1049.7000000001703 0.0449417078658009
1049.8000000001705 0.04471186806851914
1049.9000000001706 0.04448214033517681
1050.0000000001705 0.044252524871423546
1050.1000000001704 0.04402717232003281
1050.2000000001706 0.04380195619256743
1050.3000000001707 0.04357687215534099
1050.4000000001706 0.043351914430923184
1050.5000000001705 0.04312707583691713
1050.6000000001707 0.04290234782474342
1050.7000000001708 0.042677722953390146
1050.8000000001707 0.04245319073209204
1050.9000000001706 0.04222873944792182
1051.0000000001708 0.04200435620351366
1051.100000000171 0.041780722630693545
1051.2000000001708 0.04155712048399395
1051.3000000001707 0.0413335335377939
1051.4000000001708 0.04110994453087156
1051.500000000171 0.04088633520405862
1051.600000000171 0.04066268633781072
1051.7000000001708 0.0404390540061587
1051.800000000171 0.04021543820952295
1051.900000000171 0.03999183894844971
1052.000000000171 0.039768256223326096
1052.100000000171 0.0395490618401922
1052.200000000171 0.03932998414234096
1052.3000000001712 0.03911102311297729
1052.400000000171 0.0388921787351819
1052.500000000171 0.038673450992207245
1052.6000000001711 0.03846261009127064
1052.7000000001713 0.03825180061585065
1052.8000000001712 0.03804102256799887
1052.900000000171 0.03783027594996427
1053.0000000001712 0.03761956076394127
1053.1000000001713 0.03742359427372786
1053.2000000001713 0.03722757416473263
1053.3000000001712 0.037031500444725265
1053.4000000001713 0.03683537312147553
1053.5000000001714 0.03663919220279237
1053.6000000001713 0.036442957696408505
1053.7000000001713 0.036246669610094345
1053.8000000001714 0.03605032795165783
1053.9000000001715 0.03585393272890717
1054.0000000001714 0.03565748394950187
1054.1000000001713 0.035460823797897015
1054.2000000001715 0.03526418811531897
1054.3000000001716 0.035067576934928596
1054.4000000001715 0.03487099028995983
1054.5000000001714 0.034674428213584865
1054.6000000001716 0.03448486442231363
1054.7000000001717 0.03429524857602299
1054.8000000001716 0.034105580676305945
1054.9000000001715 0.03391586072482677
1055.0000000001717 0.033726088723070174
1055.1000000001718 0.03353345657561102
1055.2000000001717 0.033340883194777064
1055.3000000001716 0.03314836858167711
1055.4000000001718 0.03295591273738366
1055.500000000172 0.03276351566295725
1055.6000000001718 0.03256459067049163
1055.7000000001717 0.03236580221726784
1055.8000000001718 0.03216715026875511
1055.900000000172 0.031968634790353584
1056.000000000172 0.03177025574752813
1056.1000000001718 0.03159163968927915
1056.200000000172 0.03141300808856343
1056.300000000172 0.031234360948908264
1056.400000000172 0.03105569827380867
1056.500000000172 0.030877020066780742
1056.600000000172 0.030692112095324662
1056.7000000001722 0.030507260950977978
1056.800000000172 0.03032246664668473
1056.900000000172 0.030137729195385418
1057.0000000001721 0.029953048610093146
1057.1000000001723 0.02977616873369793
1057.2000000001722 0.029599334494785315
1057.300000000172 0.029422545895688806
1057.4000000001722 0.02924580293868087
1057.5000000001723 0.029069105626146625
1057.6000000001723 0.028886599359812342
1057.7000000001722 0.028704210315504047
1057.8000000001723 0.028521938467734834
1057.9000000001724 0.028339783791165453
1058.0000000001723 0.02815774626035973
1058.1000000001723 0.027989953834536823
1058.2000000001724 0.02782218703763265
1058.3000000001725 0.027654445868225012
1058.4000000001724 0.027486730324775877
1058.5000000001723 0.027319040405861444
1058.6000000001725 0.027151376109943455
1058.7000000001726 0.026983737435597965
1058.8000000001725 0.026816124381343835
1058.9000000001724 0.026648536945671323
1059.0000000001726 0.026480975127119985
1059.1000000001727 0.026325682080451246
1059.2000000001726 0.02617042940364026
1059.3000000001725 0.026015217112087496
1059.4000000001727 0.025860045221109323
1059.5000000001728 0.025704913746083725
1059.6000000001727 0.025555011537156076
1059.7000000001726 0.025405088892574222
1059.8000000001728 0.025255145815259027
1059.900000000173 0.025105182308053097
1060.0000000001728 0.024955198373898656
1060.1000000001727 0.02480207506332699
1060.2000000001728 0.024648969588114186
1060.300000000173 0.02449588194906718
1060.400000000173 0.02434281214696681
1060.5000000001728 0.024189760182559417
1060.600000000173 0.024031845503177496
1060.700000000173 0.023874010801666425
1060.800000000173 0.023716256067958012
1060.900000000173 0.02355858129195767
1061.000000000173 0.0234009864636136
1061.1000000001732 0.02325448361091047
1061.200000000173 0.023108005330227454
1061.300000000173 0.022961551619338494
1061.4000000001731 0.022815122476041283
1061.5000000001733 0.02266871789808651
1061.6000000001732 0.022522337883248963
1061.700000000173 0.022375982429326202
1061.8000000001732 0.022229651534092124
1061.9000000001733 0.02208334519532133
1062.0000000001733 0.02193706341080881
1062.1000000001732 0.02180250789122719
1062.2000000001733 0.02166799876369437
1062.3000000001734 0.021533536033600694
1062.4000000001733 0.021399119706312766
1062.5000000001733 0.021264749787203205
1062.6000000001734 0.021134726327672094
1062.7000000001735 0.021004696375603326
1062.8000000001734 0.020874659932380964
1062.9000000001733 0.02074461699943241
1063.0000000001735 0.020614567578165117
1063.1000000001736 0.020485646198422615
1063.2000000001735 0.02035670372065893
1063.3000000001734 0.02022774014916607
1063.4000000001736 0.02009875548829911
1063.5000000001737 0.019969749742342877
1063.6000000001736 0.01983668614595918
1063.7000000001735 0.019703653985011945
1063.8000000001737 0.019570653276628065
1063.9000000001738 0.019437684038013547
1064.0000000001737 0.019304746286372874
1064.1000000001736 0.01918528302988459
1064.2000000001738 0.01906585262000909
1064.300000000174 0.018946455051046435
1064.4000000001738 0.01882709031733712
1064.5000000001737 0.01870775841318226
1064.6000000001738 0.01858845933294234
1064.700000000174 0.018469193070900957
1064.800000000174 0.018349959621400846
1064.9000000001738 0.01823075897878441
1065.000000000174 0.01811159113736305
1065.100000000174 0.017996262516299013
1065.200000000174 0.01788091709365168
1065.300000000174 0.01776555486871138
1065.400000000174 0.017650175840749644
1065.5000000001742 0.01753478000902034
1065.600000000174 0.01741936737283237
1065.700000000174 0.017303937931439136
1065.8000000001741 0.017188491684112503
1065.9000000001743 0.017073028630124967
1066.0000000001742 0.016957548768790884
1066.100000000174 0.01685587993226533
1066.2000000001742 0.016754194948657965
1066.3000000001744 0.016652493820045338
1066.4000000001743 0.016550776548486343
1066.5000000001742 0.01644904313603943
1066.6000000001743 0.0163472935847631
1066.7000000001744 0.016245527896733267
1066.8000000001744 0.01614374607399175
1066.9000000001743 0.01604194811861388
1067.0000000001744 0.01594013403263659
1067.1000000001745 0.01583562893614855
1067.2000000001744 0.015731142679261758
1067.3000000001744 0.015626675261034326
1067.4000000001745 0.015522226680573365
1067.5000000001746 0.015417796936937275
1067.6000000001745 0.015313386029216815
1067.7000000001744 0.01520899395647002
1067.8000000001746 0.01510462071777113
1067.9000000001747 0.015000266312210436
1068.0000000001746 0.014895930738889424
1068.1000000001745 0.01480717892215036
1068.2000000001747 0.014718420339495409
1068.3000000001748 0.014629655007411433
1068.4000000001747 0.014540882942383357
1068.5000000001746 0.014452104160878726
1068.6000000001748 0.014363318679393484
1068.700000000175 0.014274526514391915
1068.8000000001748 0.014185727682351547
1068.9000000001747 0.014096922199747577
1069.0000000001749 0.014008110083055853
1069.100000000175 0.013929070966836984
1069.200000000175 0.013849991950345593
1069.3000000001748 0.013770873035683093
1069.400000000175 0.013691714224965615
1069.500000000175 0.013612515520342998
1069.600000000175 0.013536027589924466
1069.700000000175 0.013459467542795535
1069.800000000175 0.013382835356754346
1069.9000000001752 0.013306131009573476
1070.000000000175 0.013229354479060491
1070.100000000175 0.013147532752992682
1070.2000000001751 0.013065699524758004
1070.3000000001753 0.012983854806970913
1070.4000000001752 0.012901998612258478
1070.500000000175 0.01282013095325957
1070.6000000001752 0.012738251842585063
1070.7000000001754 0.012656361292858584
1070.8000000001753 0.01257445931670257
1070.9000000001752 0.012492545926724972
1071.0000000001753 0.012410621135581744
1071.1000000001754 0.012341833344889
1071.2000000001754 0.012273043716928948
1071.3000000001753 0.012204252252532053
1071.4000000001754 0.012135458952503245
1071.5000000001755 0.012066663817673058
1071.6000000001754 0.01199786684884677
1071.7000000001754 0.011929068046866744
1071.8000000001755 0.011860267412537755
1071.9000000001756 0.011791464946677366
1072.0000000001755 0.011722660650117674
1072.1000000001754 0.011662135287063226
1072.2000000001756 0.011601593591543748
1072.3000000001757 0.01154103556329623
1072.4000000001756 0.011480461202081911
1072.5000000001755 0.011419870507653807
1072.6000000001757 0.011361565255539855
1072.7000000001758 0.011303219100950838
1072.8000000001757 0.011244832033745078
1072.9000000001756 0.011186404043710066
1073.0000000001758 0.011127935120667952
1073.100000000176 0.011062567580867752
1073.2000000001758 0.01099723407629862
1073.3000000001757 0.010931934632964494
1073.4000000001759 0.010866669276849568
1073.500000000176 0.010801438033903996
1073.600000000176 0.010734070238472965
1073.7000000001758 0.01066676383016936
1073.800000000176 0.010599518797696049
1073.900000000176 0.01053233512976846
1074.000000000176 0.01046521281511449
1074.100000000176 0.01040464311653054
1074.200000000176 0.010344130524493091
1074.3000000001762 0.010283675054715426
1074.400000000176 0.010223276722868426
1074.500000000176 0.01016293554466981
1074.6000000001761 0.010110853404282843
1074.7000000001763 0.010058740592809359
1074.8000000001762 0.01000659710476
1074.900000000176 0.009954422934624091
1075.0000000001762 0.009902218076922722
1075.1000000001764 0.009850449646947226
1075.2000000001763 0.009798641909958765
1075.3000000001762 0.009746794918020772
1075.4000000001763 0.009694908723166308
1075.5000000001764 0.00964298337742213
1075.6000000001764 0.009587146120849934
1075.7000000001763 0.009531316478225025
1075.8000000001764 0.009475494464062307
1075.9000000001765 0.009419680092863742
1076.0000000001764 0.00936387337911489
1076.1000000001764 0.009311554865230805
1076.2000000001765 0.00925920338298381
1076.3000000001766 0.009206818937167278
1076.4000000001765 0.009154401532622128
1076.5000000001764 0.009101951174122016
1076.6000000001766 0.009043988874876414
1076.7000000001767 0.008986057223163747
1076.8000000001766 0.008928156283608794
1076.9000000001765 0.00887028612085225
1077.0000000001767 0.008812446799523426
1077.1000000001768 0.008760273881879816
1077.2000000001767 0.008708143107448938
1077.3000000001766 0.008656054503183446
1077.4000000001768 0.008604008096072155
1077.500000000177 0.00855200391310117
1077.6000000001768 0.008508676725175203
1077.7000000001767 0.008465296798413933
1077.8000000001769 0.00842186411491202
1077.900000000177 0.008378378656781938
1078.000000000177 0.008334840406096248
1078.1000000001768 0.008283392157324479
1078.200000000177 0.008231893494892742
1078.300000000177 0.008180344453270523
1078.400000000177 0.008128745066921487
1078.500000000177 0.008077095370314593
1078.600000000177 0.008022165719638963
1078.7000000001772 0.007967238354568423
1078.800000000177 0.00791230955443527
1078.900000000177 0.00785737596221754
1079.0000000001771 0.007802434575269555
1079.1000000001773 0.007757112777879332
1079.2000000001772 0.007711744752433131
1079.300000000177 0.0076663284638167385
1079.4000000001772 0.0076208621850960955
1079.5000000001774 0.007575344490023168
1079.6000000001773 0.0075236954086838415
1079.7000000001772 0.007472066397053797
1079.8000000001773 0.0074204571223209885
1079.9000000001774 0.007368867512706883
1080.0000000001774 0.007317297749035281
1080.1000000001773 0.007258328218319053
1080.2000000001774 0.00719949152503271
1080.3000000001775 0.007140788338753243
1080.4000000001774 0.007082219544009794
1080.5000000001774 0.007023786230822433
1080.6000000001775 0.006971156140222529
1080.7000000001776 0.0069185765272326664
1080.8000000001775 0.006866049223421189
1080.9000000001774 0.006813576235217633
1081.0000000001776 0.006761159735519967
1081.1000000001777 0.006719541605295767
1081.2000000001776 0.00667792925293476
1081.3000000001775 0.006636325270663729
1081.4000000001777 0.0065947324016404065
1081.5000000001778 0.006553153533257899
1081.6000000001777 0.006515558680676536
1081.7000000001776 0.006477921527224851
1081.8000000001778 0.0064402418545959515
1081.900000000178 0.0064025194560977505
1082.0000000001778 0.0063647541365087126
1082.1000000001777 0.006326651470942824
1082.2000000001779 0.006288510248307528
1082.300000000178 0.006250330288929758
1082.400000000178 0.006212111423900063
1082.5000000001778 0.006173853494876306
1082.600000000178 0.006128122066548389
1082.700000000178 0.006082450342442946
1082.800000000178 0.006036838398672597
1082.900000000178 0.005991286316169597
1083.000000000178 0.00594579418047343
1083.1000000001782 0.005894545905081689
1083.200000000178 0.005843349929880595
1083.300000000178 0.005792206397525046
1083.4000000001781 0.005741115454092681
1083.5000000001783 0.005690077248856354
1083.6000000001782 0.0056471302215940836
1083.700000000178 0.005604099110214848
1083.8000000001782 0.005560986612627824
1083.9000000001784 0.00551779516619879
1084.0000000001783 0.005474526954441913
1084.1000000001782 0.005442582968835864
1084.2000000001783 0.005410615253981272
1084.3000000001784 0.005378625380163335
1084.4000000001784 0.00534661470387305
1084.5000000001783 0.005314584372961754
1084.6000000001784 0.00527826057127003
1084.7000000001785 0.0052419752596057365
1084.8000000001784 0.005205728766780629
1084.9000000001784 0.005169521226933383
1085.0000000001785 0.005133352585765766
1085.1000000001786 0.005086530977386788
1085.2000000001785 0.005039815571271937
1085.3000000001784 0.004993205690006459
1085.4000000001786 0.004946700497846148
1085.5000000001787 0.004900299008621923
1085.6000000001786 0.004848062478993409
1085.7000000001785 0.004796028553689138
1085.8000000001787 0.004744195855622806
1085.9000000001788 0.004692562897223716
1086.0000000001787 0.004641128088699237
1086.1000000001786 0.004605285129652007
1086.2000000001788 0.004569476458547711
1086.300000000179 0.00453370027613471
1086.4000000001788 0.00449795468733953
1086.5000000001787 0.004462237707146391
1086.6000000001789 0.004437515378482371
1086.700000000179 0.004412658005903703
1086.800000000179 0.004387665618722253
1086.9000000001788 0.0043625382462643926
1087.000000000179 0.00433727591784161
1087.100000000179 0.004310821083835083
1087.200000000179 0.004284247522711881
1087.300000000179 0.004257555275569635
1087.400000000179 0.004230744383490254
1087.5000000001792 0.004203814887535777
1087.600000000179 0.004171703058161192
1087.700000000179 0.004139556843186065
1087.8000000001791 0.004107376255670201
1087.9000000001793 0.004075161308688524
1088.0000000001792 0.004042912015287872
1088.100000000179 0.004005672903080237
1088.2000000001792 0.003968485357936398
1088.3000000001794 0.00393134936235751
1088.4000000001793 0.003894264898841567
1088.5000000001792 0.0038572319498871577
1088.6000000001793 0.003817929098073319
1088.7000000001794 0.003778719811653174
1088.8000000001794 0.0037396040560199128
1088.9000000001793 0.003700581796560611
1089.0000000001794 0.003661652998689181
1089.1000000001795 0.0036259935969409295
1089.2000000001794 0.0035903664391732986
1089.3000000001794 0.0035547715413462716
1089.4000000001795 0.003519208919423218
1089.5000000001796 0.003483678589357551
1089.6000000001795 0.0034488854282246893
1089.7000000001794 0.003414110947537763
1089.8000000001796 0.003379355157981758
1089.9000000001797 0.0033446180702380976
1090.0000000001796 0.0033098996950044974
1090.1000000001795 0.0032804743288653696
1090.2000000001797 0.0032510890761373178
1090.3000000001798 0.0032217439239968495
1090.4000000001797 0.0031924388596229376
1090.5000000001796 0.003163173870229652
1090.6000000001798 0.00314103204102959
1090.70000000018 0.0031188069945643237
1090.8000000001798 0.0030964987615934
1090.9000000001797 0.0030741073728735606
1091.0000000001799 0.003051632859152277
1091.10000000018 0.003027237520153095
1091.20000000018 0.0030027924490494246
1091.3000000001798 0.0029782976662694463
1091.40000000018 0.0029537531922441116
1091.50000000018 0.002929159047383201
1091.60000000018 0.0028945199567948494
1091.70000000018 0.0028600212321382695
1091.80000000018 0.002825662829247712
1091.9000000001802 0.002791444703955435
1092.00000000018 0.0027573668120723423
1092.10000000018 0.002724398428204626
1092.2000000001801 0.0026915491372495512
1092.3000000001803 0.0026588189531706594
1092.4000000001802 0.002626207889906701
1092.50000000018 0.0025937159614316664
1092.6000000001802 0.0025698650137718146
1092.7000000001804 0.0025459571896363307
1092.8000000001803 0.0025219924843805338
1092.9000000001802 0.0024979708933533765
1093.0000000001803 0.002473892411922527
1093.1000000001804 0.0024516476936342043
1093.2000000001804 0.0024293023981371837
1093.3000000001803 0.0024068565990374084
1093.4000000001804 0.0023843103699354106
1093.5000000001805 0.0023616637844053076
1093.6000000001804 0.0023341484819875877
1093.7000000001804 0.0023066453426972442
1093.8000000001805 0.0022791543655615617
1093.9000000001806 0.002251675549615132
1094.0000000001805 0.002224208893883806
1094.1000000001804 0.0021998115806978794
1094.2000000001806 0.0021754913604052377
1094.3000000001807 0.002151248220658537
1094.4000000001806 0.002127082149108479
1094.5000000001805 0.002102993133419537
1094.6000000001807 0.002082846236699495
1094.7000000001808 0.0020627016075469755
1094.8000000001807 0.0020425592462276587
1094.9000000001806 0.002022419153011467
1095.0000000001808 0.0020022813281634208
1095.100000000181 0.0019818334326221782
1095.2000000001808 0.0019613941165964703
1095.3000000001807 0.0019409633803396306
1095.4000000001809 0.0019205412241107324
1095.500000000181 0.0019001276481574723
1095.600000000181 0.001878170445764943
1095.7000000001808 0.0018562548753504253
1095.800000000181 0.0018343809363785084
1095.900000000181 0.0018125486283158178
1096.000000000181 0.001790757950637067
1096.100000000181 0.0017735408787186186
1096.200000000181 0.0017562627270684198
1096.3000000001812 0.0017389235246452464
1096.400000000181 0.001721523300409985
1096.500000000181 0.0017040620833230532
1096.6000000001811 0.0016861934479728642
1096.7000000001813 0.0016682722266526818
1096.8000000001812 0.0016502984447050325
1096.900000000181 0.0016322721274812768
1097.0000000001812 0.0016141933003052328
1097.1000000001814 0.001590274627804171
1097.2000000001813 0.0015664536542659862
1097.3000000001812 0.0015427302647426874
1097.4000000001813 0.001519104344296355
1097.5000000001814 0.0014955757780024507
1097.6000000001814 0.001473056748676166
1097.7000000001813 0.0014506092675457905
1097.8000000001814 0.0014282332575586353
1097.9000000001815 0.0014059286416688366
1098.0000000001814 0.0013836953428581138
1098.1000000001814 0.0013705804818502161
1098.2000000001815 0.0013574638052095513
1098.3000000001816 0.001344345330528428
1098.4000000001815 0.0013312250753950846
1098.5000000001814 0.001487206550276981
1098.6000000001816 0.0015846064275521934
1098.7000000001817 0.0016228026388662095
1098.8000000001816 0.0016040767811687378
1098.9000000001815 0.0015347458442818399
1099.0000000001817 0.0