# LSST Throughputs files created from syseng_throughputs repo
# Version 1.9
# sha1 fcc05772f99427e4a45cd1b9da1628dded9a06d5
# Aerosols added to atmosphere
# Wavelen_cutoff_BLUE 799.30
# Wavelen_cutoff_RED 939.20
# Wavelength(nm)  Throughput(0-1)
789.2000000001112 9.448235923018421e-05
789.3000000001113 0.00010073820292458412
789.4000000001113 0.00010698867526698687
789.5000000001113 0.00011323377646599634
789.6000000001113 0.00011952279447994113
789.7000000001113 0.0001258116284344161
789.8000000001114 0.00013210027831016513
789.9000000001114 0.0001383887440879336
790.0000000001114 0.0001446770257452739
790.1000000001114 0.00014782091625171762
790.2000000001115 0.0001509647528713382
790.3000000001115 0.0001541085355930381
790.4000000001115 0.00015725226440621004
790.5000000001115 0.00016039593929993194
790.6000000001115 0.00016353956026328217
790.7000000001116 0.0001666831272851623
790.8000000001116 0.00016982664035518482
790.9000000001116 0.00017297009946226543
791.0000000001116 0.00017611350461172847
791.1000000001117 0.00019380505222578584
791.2000000001117 0.0002115111811529781
791.3000000001117 0.00022923189139606554
791.4000000001117 0.0002469671829574517
791.5000000001118 0.0002647170558398137
791.6000000001118 0.0002823653103301973
791.7000000001118 0.00030001362078803287
791.8000000001118 0.00031766198714717244
791.9000000001118 0.00033531040934054834
792.0000000001119 0.0003529588872777155
792.1000000001119 0.0003491062385716367
792.2000000001119 0.0003452551257939095
792.3000000001119 0.000341405548971739
792.400000000112 0.0003375575081323117
792.500000000112 0.0003337110033033046
792.600000000112 0.0003300019496463377
792.700000000112 0.0003262913201850552
792.800000000112 0.0003225791149210543
792.9000000001121 0.0003188653338573389
793.0000000001121 0.00031514997699351064
793.1000000001121 0.0003084061667932023
793.2000000001121 0.0003016538302123649
793.3000000001122 0.00029489296734000784
793.4000000001122 0.000288123578265208
793.5000000001122 0.00028134566307770804
793.6000000001122 0.0002745592218663875
793.7000000001123 0.0002677642547210747
793.8000000001123 0.00026096076173105537
793.9000000001123 0.00025414874298541445
794.0000000001123 0.0002473281985974567
794.1000000001123 0.0002612797893901834
794.2000000001124 0.00027523135235368976
794.3000000001124 0.0002891828874185307
794.4000000001124 0.00030313439451558176
794.5000000001124 0.000317085873575369
794.6000000001125 0.00033096962773425647
794.7000000001125 0.0003448476476143671
794.8000000001125 0.00035871993316347316
794.9000000001125 0.00037258648433015666
795.0000000001125 0.0003864473010760809
795.1000000001126 0.0004128829079249183
795.2000000001126 0.00043929632655496936
795.3000000001126 0.00046568755737070504
795.4000000001126 0.0004920566007767287
795.5000000001127 0.0005184034571779639
795.6000000001127 0.0005443927720906713
795.7000000001127 0.000570327226549502
795.8000000001127 0.0005962068217046988
795.9000000001128 0.0006220315587075465
796.0000000001128 0.0006478014387216294
796.1000000001128 0.0006839998338427452
796.2000000001128 0.0007201684002712853
796.3000000001128 0.0007563071375498236
796.4000000001129 0.0007924160452197531
796.5000000001129 0.0008284951228255922
796.6000000001129 0.000865616562179468
796.7000000001129 0.00090279843559722
796.800000000113 0.0009400407435783642
796.900000000113 0.000977343486624096
797.000000000113 0.0010147066652533723
797.100000000113 0.001072702409829568
797.200000000113 0.0011307669012584358
797.3000000001131 0.0011889001356190129
797.4000000001131 0.0012471021089875134
797.5000000001131 0.0013053728174430297
797.6000000001131 0.0013631531294482923
797.7000000001132 0.0014209549902683217
797.8000000001132 0.001478778398491947
797.9000000001132 0.001536623352708031
798.0000000001132 0.0015944898515535863
798.1000000001133 0.0016963522832765053
798.2000000001133 0.0017982137816789662
798.3000000001133 0.0019000743464042233
798.4000000001133 0.002001933977087919
798.5000000001133 0.0021037926733737597
798.6000000001134 0.0022056504349016494
798.7000000001134 0.0023075072613139526
798.8000000001134 0.0024093631522458165
798.9000000001134 0.0025112181073448357
799.0000000001135 0.0026130721263184884
799.1000000001135 0.002773879080473327
799.2000000001135 0.0029346976037063813
799.3000000001135 0.0030955276957385907
799.4000000001136 0.003256369356294269
799.5000000001136 0.003417222585093118
799.6000000001136 0.003576620952608156
799.7000000001136 0.0037358990219405978
799.8000000001136 0.0038950567785888458
799.9000000001137 0.004054094208060167
800.0000000001137 0.004213011296051753
800.1000000001137 0.004545233350726631
800.2000000001137 0.004877174249566382
800.3000000001138 0.005208833999881465
800.4000000001138 0.005540212608973485
800.5000000001138 0.005871310084165569
800.6000000001138 0.006204679798933602
800.7000000001138 0.006538042767245057
800.8000000001139 0.006871398988079459
800.9000000001139 0.007204748460430291
801.0000000001139 0.007538091183464183
801.1000000001139 0.008029168962575058
801.200000000114 0.008520258155994595
801.300000000114 0.009011358761973082
801.400000000114 0.00950247077877085
801.500000000114 0.0099935942046526
801.600000000114 0.010486886389505777
801.7000000001141 0.01098039209772785
801.8000000001141 0.011474111334641338
801.9000000001141 0.011968044105509045
802.0000000001141 0.012462190415845394
802.1000000001142 0.013136221348742497
802.2000000001142 0.013810265209304808
802.3000000001142 0.014484321995132951
802.4000000001142 0.015158391703872938
802.5000000001143 0.015832474333125967
802.6000000001143 0.016506569880525394
802.7000000001143 0.017180678343707366
802.8000000001143 0.01785479972027289
802.9000000001143 0.018528934007859415
803.0000000001144 0.019203081204601825
803.1000000001144 0.020309920728220326
803.2000000001144 0.02141716757381331
803.3000000001144 0.022524821710425014
803.4000000001145 0.02363288310712093
803.5000000001145 0.024741351732935495
803.6000000001145 0.025844920591735418
803.7000000001145 0.026948443425665946
803.8000000001146 0.028051920232129927
803.9000000001146 0.029155351008530565
804.0000000001146 0.03025873575252375
804.1000000001146 0.03152632015929529
804.2000000001146 0.032793905679230434
804.3000000001147 0.03406149230784179
804.4000000001147 0.03532908004064192
804.5000000001147 0.03659666887319958
804.6000000001147 0.0378798088045695
804.7000000001148 0.03916399096928542
804.8000000001148 0.04044921536412888
804.9000000001148 0.041735481986040976
805.0000000001148 0.043022790832153386
805.1000000001148 0.04455281830408025
805.2000000001149 0.046084116938842186
805.3000000001149 0.047616686770593365
805.4000000001149 0.04915052783333693
805.5000000001149 0.0506856401611453
805.600000000115 0.05220067381921471
805.700000000115 0.05371573949285901
805.800000000115 0.055230837176928484
805.900000000115 0.05674596686616632
806.000000000115 0.05826112855553166
806.1000000001151 0.06001781035523654
806.2000000001151 0.061774445686235
806.3000000001151 0.06353103454367073
806.4000000001151 0.06528757692269517
806.5000000001152 0.067044072818326
806.6000000001152 0.06880052222564628
806.7000000001152 0.07055692513988888
806.8000000001152 0.07231328155614879
806.9000000001153 0.07406959146952152
807.0000000001153 0.07582585487502017
807.1000000001153 0.07751035473461801
807.2000000001153 0.0791948901115428
807.3000000001153 0.08087946099980506
807.4000000001154 0.08256406739383676
807.5000000001154 0.08424870928764615
807.6000000001154 0.08593338667559014
807.7000000001154 0.08761809955185466
807.8000000001155 0.08930284791053099
807.9000000001155 0.09098763174599149
808.0000000001155 0.09267245105252418
808.1000000001155 0.09444125516464989
808.2000000001156 0.09620938529796529
808.3000000001156 0.09797684141257038
808.4000000001156 0.09974362346877541
808.5000000001156 0.10150973142669009
808.6000000001156 0.10327516524642362
808.7000000001157 0.10503992488841749
808.8000000001157 0.1068040103127962
808.9000000001157 0.10856742147979849
809.0000000001157 0.11033015834968019
809.1000000001158 0.11220221086470161
809.2000000001158 0.11407345740407791
809.3000000001158 0.1159438979796225
809.4000000001158 0.11781353260327444
809.5000000001158 0.11968236128713657
809.6000000001159 0.12157532257067442
809.7000000001159 0.12346825452563184
809.8000000001159 0.1253611571460049
809.9000000001159 0.12725403042566316
810.000000000116 0.12914687435842837
810.100000000116 0.1308803668698507
810.200000000116 0.1326139168049909
810.300000000116 0.13434752415839568
810.400000000116 0.13608118892475574
810.5000000001161 0.1378149110984109
810.6000000001161 0.13949143992951382
810.7000000001161 0.1411666035217453
810.8000000001161 0.14284040179930277
810.9000000001162 0.14451283468609938
811.0000000001162 0.14618390210608084
811.1000000001162 0.1480083085884918
811.2000000001162 0.14983039083990407
811.3000000001163 0.15165014878369054
811.4000000001163 0.15346758234339536
811.5000000001163 0.15528269144294543
811.6000000001163 0.1571278868731948
811.7000000001163 0.1589715453420733
811.8000000001164 0.16081366679683332
811.9000000001164 0.16265425118473525
812.0000000001164 0.16449329845317712
812.1000000001164 0.16644327983606777
812.2000000001165 0.16839256139809897
812.3000000001165 0.17034114306333273
812.4000000001165 0.17228902475529204
812.5000000001165 0.17423620639775195
812.6000000001166 0.17592756197088288
812.7000000001166 0.17761247532091143
812.8000000001166 0.17929094585036964
812.9000000001166 0.18096297296142444
813.0000000001166 0.18262855605603712
813.1000000001167 0.18410331438643818
813.2000000001167 0.18556513737166944
813.3000000001167 0.1870140258945198
813.4000000001167 0.18844998083803327
813.5000000001168 0.18987300308593996
813.6000000001168 0.19164899104186428
813.7000000001168 0.19341975079630022
813.8000000001168 0.19518528270001326
813.9000000001168 0.19694558710400384
814.0000000001169 0.1987006643600762
814.1000000001169 0.20111665936056902
814.2000000001169 0.2035295012635245
814.3000000001169 0.20593918986713747
814.400000000117 0.20834572496938913
814.500000000117 0.21074910636812885
814.600000000117 0.2128299748438273
814.700000000117 0.2149000911873145
814.800000000117 0.21695945473835043
814.9000000001171 0.2190080648355464
815.0000000001171 0.2210459208191288
815.1000000001171 0.2233864538782393
815.2000000001171 0.225713391705368
815.3000000001172 0.22802673377976068
815.4000000001172 0.2303264795799849
815.5000000001172 0.2326126285860401
815.6000000001172 0.234936701483022
815.7000000001173 0.23724841915092787
815.8000000001173 0.2395477811155708
815.9000000001173 0.2418347869031134
816.0000000001173 0.2441094360409031
816.1000000001173 0.24707500719217818
816.2000000001174 0.25003190569945116
816.3000000001174 0.25298013126504565
816.4000000001174 0.25591968359134243
816.5000000001174 0.2588505623830238
816.6000000001175 0.2629403532753758
816.7000000001175 0.2670506241812893
816.8000000001175 0.2711813757662797
816.9000000001175 0.2753326086963579
817.0000000001176 0.27950432363552147
817.1000000001176 0.2828596497743626
817.2000000001176 0.28621498170410126
817.3000000001176 0.28957031941470995
817.4000000001176 0.2929256628958297
817.5000000001177 0.2962810121350393
817.6000000001177 0.29845359199472504
817.7000000001177 0.3005996879049247
817.8000000001177 0.30271929978879736
817.9000000001178 0.30481242756795707
818.0000000001178 0.30687907117062985
818.1000000001178 0.3111396031260327
818.2000000001178 0.31542076669094476
818.3000000001178 0.3197225621233431
818.4000000001179 0.32404498968142975
818.5000000001179 0.3283880496226547
818.6000000001179 0.33253253815958306
818.7000000001179 0.3366932444819305
818.800000000118 0.34087016878959986
818.900000000118 0.34506331128277296
819.000000000118 0.34927267215930713
819.100000000118 0.3532594844000466
819.200000000118 0.35724825852881176
819.3000000001181 0.36123899471451454
819.4000000001181 0.36523169312527165
819.5000000001181 0.36922635392950953
819.6000000001181 0.3731418595003139
819.7000000001182 0.3770576252944723
819.8000000001182 0.3809736513109974
819.9000000001182 0.3848899375484874
820.0000000001182 0.38880648401032614
820.1000000001183 0.3945767172793621
820.2000000001183 0.40038558730114815
820.3000000001183 0.4062330909074351
820.4000000001183 0.4121192249294166
820.5000000001183 0.41804398619709293
820.6000000001184 0.4234711058965856
820.7000000001184 0.42892713943225896
820.8000000001184 0.4344120844251631
820.9000000001184 0.43992593849718503
821.0000000001185 0.4454686992653439
821.1000000001185 0.44858693721006593
821.2000000001185 0.45170273167152075
821.3000000001185 0.45481608227664705
821.4000000001186 0.4579269886523701
821.5000000001186 0.4610354504240789
821.6000000001186 0.46327083921035883
821.7000000001186 0.4654914084206016
821.8000000001186 0.4676971559695006
821.9000000001187 0.46988807977067704
822.0000000001187 0.47206417773123205
822.1000000001187 0.4709527580699981
822.2000000001187 0.4697926543709617
822.3000000001188 0.46858386451871703
822.4000000001188 0.4673263863997299
822.5000000001188 0.4660202178954804
822.6000000001188 0.4633244801755493
822.7000000001188 0.460564196179275
822.8000000001189 0.45773936310948604
822.9000000001189 0.45484997816834305
823.0000000001189 0.45189603857806643
823.1000000001189 0.4567845254463261
823.200000000119 0.46169920153185257
823.300000000119 0.4666400650836444
823.400000000119 0.4716071143494847
823.500000000119 0.47660034758471
823.600000000119 0.4847811421832796
823.7000000001191 0.49302126768369225
823.8000000001191 0.5013207201314712
823.9000000001191 0.509679495571311
824.0000000001191 0.5180975900392351
824.1000000001192 0.522846490576175
824.2000000001192 0.5276170430567947
824.3000000001192 0.5324092483111009
824.4000000001192 0.5372231071707311
824.5000000001193 0.5420586204610867
824.6000000001193 0.545197728951652
824.7000000001193 0.5483423011848358
824.8000000001193 0.5514923373639498
824.9000000001193 0.5546478376922857
825.0000000001194 0.5578088023682908
825.1000000001194 0.5589465512334596
825.2000000001194 0.5600807409435025
825.3000000001194 0.5612113713503484
825.4000000001195 0.5623384423065635
825.5000000001195 0.5634619536629063
825.6000000001195 0.5645819052719868
825.7000000001195 0.5656982969864449
825.8000000001196 0.5668111286570996
825.9000000001196 0.5679204001366376
826.0000000001196 0.569026111281859
826.1000000001196 0.571990185306831
826.2000000001196 0.5749619610176971
826.3000000001197 0.577941438458406
826.4000000001197 0.5809286176728544
826.5000000001197 0.5839234987024704
826.6000000001197 0.5859482788770325
826.7000000001198 0.5879756306511019
826.8000000001198 0.5900055540353074
826.9000000001198 0.5920380490415265
827.0000000001198 0.5940731156728776
827.1000000001198 0.5925242251311158
827.2000000001199 0.5909611403675812
827.3000000001199 0.5893838613758997
827.4000000001199 0.5877923881478743
827.5000000001199 0.586186720680749
827.60000000012 0.5858196812059793
827.70000000012 0.5854443618107684
827.80000000012 0.5850607624910085
827.90000000012 0.5846688832407103
828.00000000012 0.5842687240602076
828.1000000001201 0.5858305342150156
828.2000000001201 0.5873939696048924
828.3000000001201 0.5889590300989372
828.4000000001201 0.5905257155675394
828.5000000001202 0.5920940258777412
828.6000000001202 0.5925208338949979
828.7000000001202 0.5929476197344448
828.8000000001202 0.5933743833949354
828.9000000001203 0.5938011248746686
829.0000000001203 0.5942278441735709
829.1000000001203 0.5949967132241322
829.2000000001203 0.5957660106174372
829.3000000001203 0.5965357363100383
829.4000000001204 0.5973058902604551
829.5000000001204 0.5980764724268096
829.6000000001204 0.5996137623315756
829.7000000001204 0.6011521466821169
829.8000000001205 0.6026916253739366
829.9000000001205 0.6042321983031791
830.0000000001205 0.6057738653619086
830.1000000001205 0.6061286795606289
830.2000000001206 0.6064835685425618
830.3000000001206 0.6068385322962504
830.4000000001206 0.6071935708095765
830.5000000001206 0.6075486840728238
830.6000000001206 0.6088002965698873
830.7000000001207 0.6100522760586018
830.8000000001207 0.6113046224877688
830.9000000001207 0.61255733580684
831.0000000001207 0.6138104159612846
831.1000000001208 0.6134117927212672
831.2000000001208 0.6130132808756895
831.3000000001208 0.6126148804292538
831.4000000001208 0.6122165913866625
831.5000000001208 0.6118184137489341
831.6000000001209 0.6100144897050498
831.7000000001209 0.6082119196647269
831.8000000001209 0.6064107036427712
831.9000000001209 0.6046108416552798
832.000000000121 0.6028123337245156
832.100000000121 0.604515302722918
832.200000000121 0.6062204948040785
832.300000000121 0.6079279095448182
832.400000000121 0.6096375465246027
832.5000000001211 0.6113494053220556
832.6000000001211 0.6134488176858002
832.7000000001211 0.615551315379847
832.8000000001211 0.6176568978241386
832.9000000001212 0.6197655644386263
833.0000000001212 0.6218773146362243
833.1000000001212 0.6209183437141376
833.2000000001212 0.619960005608367
833.3000000001213 0.6190023002589413
833.4000000001213 0.6180452276092039
833.5000000001213 0.6170887876003002
833.6000000001213 0.6165182615820489
833.7000000001213 0.6159480329039044
833.8000000001214 0.6153778216294747
833.9000000001214 0.614807369463633
834.0000000001214 0.6142364396625547
834.1000000001214 0.6156806684143639
834.2000000001215 0.6171256120446014
834.3000000001215 0.61857108953631
834.4000000001215 0.6200169389991518
834.5000000001215 0.6214630179090368
834.6000000001216 0.622268771254505
834.7000000001216 0.6230736794087204
834.8000000001216 0.6238776554153764
834.9000000001216 0.6246806334685789
835.0000000001216 0.6254825690524702
835.1000000001217 0.6251104841520483
835.2000000001217 0.6247369876953086
835.3000000001217 0.6243621083644934
835.4000000001217 0.6239858963378122
835.5000000001218 0.6236084232218536
835.6000000001218 0.6234863093208276
835.7000000001218 0.6233630071328269
835.8000000001218 0.6232386680128772
835.9000000001218 0.6231134634614208
836.0000000001219 0.6229875851053225
836.1000000001219 0.6232577896330938
836.2000000001219 0.6235277552986387
836.3000000001219 0.6237977339895893
836.400000000122 0.6240679983288048
836.500000000122 0.6243388417226325
836.600000000122 0.6246106299214739
836.700000000122 0.6248825043891878
836.800000000122 0.6251544566502099
836.9000000001221 0.6254264788493261
837.0000000001221 0.6256985637523595
837.1000000001221 0.6253770109903368
837.2000000001221 0.6250554023005923
837.3000000001222 0.6247337322645108
837.4000000001222 0.6244119961109096
837.5000000001222 0.624090189708347
837.6000000001222 0.6236406194528827
837.7000000001223 0.6231911046448432
837.8000000001223 0.6227416412248098
837.9000000001223 0.6222922245125132
838.0000000001223 0.6218428492119504
838.1000000001223 0.6221293264947253
838.2000000001224 0.6224157631957989
838.3000000001224 0.6227021519448594
838.4000000001224 0.6229884847272515
838.5000000001224 0.6232747528777433
838.6000000001225 0.6234336117643035
838.7000000001225 0.6235924449730162
838.8000000001225 0.6237512629388967
838.9000000001225 0.6239100767410329
839.0000000001226 0.6240688981028745
839.1000000001226 0.6243111468053026
839.2000000001226 0.6245533862269801
839.3000000001226 0.6247956300592192
839.4000000001226 0.6250378926472491
839.5000000001227 0.6252801889968916
839.6000000001227 0.6256501924570392
839.7000000001227 0.6260202892597182
839.8000000001227 0.6263904753014512
839.9000000001228 0.6267607458322638
840.0000000001228 0.6271310954534802
840.1000000001228 0.6272672682259005
840.2000000001228 0.6274032878639251
840.3000000001228 0.6275391470714559
840.4000000001229 0.6276748379095632
840.5000000001229 0.6278103517911574
840.6000000001229 0.6279456794869009
840.7000000001229 0.6280808469053555
840.800000000123 0.6282158540738336
840.900000000123 0.6283507010215829
841.000000000123 0.6284853877742638
841.100000000123 0.6284397655103793
841.200000000123 0.6283940914441003
841.3000000001231 0.6283483655809728
841.4000000001231 0.6283025879271346
841.5000000001231 0.6282567584873154
841.6000000001231 0.6282108772403129
841.7000000001232 0.6281649442373088
841.8000000001232 0.6281189595025793
841.9000000001232 0.6280729230612015
842.0000000001232 0.6280268349388636
842.1000000001233 0.6283526988461058
842.2000000001233 0.6286785926984517
842.3000000001233 0.6290045164800472
842.4000000001233 0.6293304701785306
842.5000000001234 0.6296564537769272
842.6000000001234 0.6298541874157142
842.7000000001234 0.6300518703848285
842.8000000001234 0.630249502680608
842.9000000001234 0.6304470842999592
843.0000000001235 0.630644615237388
843.1000000001235 0.6295005691033714
843.2000000001235 0.6283570881844385
843.3000000001235 0.6272141723858115
843.4000000001236 0.6260718216100679
843.5000000001236 0.6249300357614161
843.6000000001236 0.6240415145547298
843.7000000001236 0.6231516446390344
843.8000000001236 0.6222609944770607
843.9000000001237 0.6213700876393454
844.0000000001237 0.6204794030946739
844.1000000001237 0.6207907596452934
844.2000000001237 0.621103340536151
844.3000000001238 0.6214175022741067
844.4000000001238 0.6217335603780686
844.5000000001238 0.6220517892778306
844.6000000001238 0.6224991783344195
844.7000000001239 0.6229492950864669
844.8000000001239 0.6234022917616936
844.9000000001239 0.6238582791699604
845.0000000001239 0.6243173265598417
845.1000000001239 0.6243635801368891
845.200000000124 0.6244127935992363
845.300000000124 0.624464904770152
845.400000000124 0.6245198095676956
845.500000000124 0.6245773619867605
845.600000000124 0.6245104410291266
845.7000000001241 0.6244457760472888
845.8000000001241 0.6243830939154621
845.9000000001241 0.6243220797437173
846.0000000001241 0.6242623768950052
846.1000000001242 0.6240445480050018
846.2000000001242 0.6238272324174495
846.3000000001242 0.6236099483692252
846.4000000001242 0.6233921729600742
846.5000000001243 0.6231733422291318
846.6000000001243 0.6232063932993772
846.7000000001243 0.6232394062679608
846.8000000001243 0.6232723811438772
846.9000000001244 0.6233053179354257
847.0000000001244 0.6233382166503544
847.1000000001244 0.6240140394003991
847.2000000001244 0.6246898078366919
847.3000000001244 0.6253655219491496
847.4000000001245 0.6260411817296069
847.5000000001245 0.6267167871670595
847.6000000001245 0.6272648195128726
847.7000000001245 0.6278125228853586
847.8000000001246 0.6283598972883868
847.9000000001246 0.6289069427259328
848.0000000001246 0.6294536592004191
848.1000000001246 0.6286540909844613
848.2000000001246 0.6278545463832566
848.3000000001247 0.6270550254038496
848.4000000001247 0.626255528054164
848.5000000001247 0.6254560543416771
848.6000000001247 0.6246583056707434
848.7000000001248 0.6238616686462861
848.8000000001248 0.623065574781161
848.9000000001248 0.6222695002499408
849.0000000001248 0.6214729656166225
849.1000000001249 0.6212184910778905
849.2000000001249 0.6209627236400904
849.3000000001249 0.620705311051099
849.4000000001249 0.6204459432886523
849.5000000001249 0.62018435247702
849.600000000125 0.6199203128301227
849.700000000125 0.6196536405074163
849.800000000125 0.6193841935642874
849.900000000125 0.619111871866854
850.000000000125 0.6188366170008553
850.1000000001251 0.6193194168722579
850.2000000001251 0.619799161348093
850.3000000001251 0.6202759059215255
850.4000000001251 0.6207497479495369
850.5000000001252 0.6212208268104525
850.6000000001252 0.6216893240603228
850.7000000001252 0.6221554635508908
850.8000000001252 0.6226195116414591
850.9000000001253 0.6230817773271604
851.0000000001253 0.6235426123895758
851.1000000001253 0.6234185697461233
851.2000000001253 0.6232940337845312
851.3000000001254 0.6231694855527723
851.4000000001254 0.6230454475364232
851.5000000001254 0.6229224836239774
851.6000000001254 0.6230549375645003
851.7000000001254 0.6231873783936753
851.8000000001255 0.6233198061154198
851.9000000001255 0.6234522207338064
852.0000000001255 0.6235846222516347
852.1000000001255 0.6230928332113953
852.2000000001256 0.6226011467569136
852.3000000001256 0.6221095628977826
852.4000000001256 0.6216180816430537
852.5000000001256 0.6211267030026864
852.6000000001256 0.6207617007504365
852.7000000001257 0.6203966012431276
852.8000000001257 0.6200314045342383
852.9000000001257 0.6196661106745701
853.0000000001257 0.6193007197173847
853.1000000001258 0.6199065042452295
853.2000000001258 0.6205121678012147
853.3000000001258 0.6211177103737037
853.4000000001258 0.621723131949689
853.5000000001259 0.6223284325172322
853.6000000001259 0.6228053027149171
853.7000000001259 0.6232807116171383
853.8000000001259 0.6237552218401897
853.9000000001259 0.6242293558638745
854.000000000126 0.6247035958602918
854.100000000126 0.6240566860008414
854.200000000126 0.6234112443355234
854.300000000126 0.6227676220715214
854.400000000126 0.6221261272201863
854.5000000001261 0.621487024816294
854.6000000001261 0.6209768546733957
854.7000000001261 0.6204692211964082
854.8000000001261 0.6199642636016588
854.9000000001262 0.6194620790797193
855.0000000001262 0.6189627229703383
855.1000000001262 0.6191721589567266
855.2000000001262 0.6193845035780355
855.3000000001263 0.6195996974894815
855.4000000001263 0.6198176396919529
855.5000000001263 0.6200381874543703
855.6000000001263 0.6202611562104015
855.7000000001264 0.620486319510979
855.8000000001264 0.6207134089689864
855.9000000001264 0.6209421141545322
856.0000000001264 0.6211720825152441
856.1000000001264 0.6208908650209785
856.2000000001265 0.620610129829777
856.3000000001265 0.6203293975696968
856.4000000001265 0.6200481481556583
856.5000000001265 0.6197658208819393
856.6000000001266 0.6194818145246503
856.7000000001266 0.6191978184164031
856.8000000001266 0.618913832572176
856.9000000001266 0.6186298570075421
857.0000000001266 0.6183458917390381
857.1000000001267 0.6183576408829558
857.2000000001267 0.6183693723383361
857.3000000001267 0.6183810861102769
857.4000000001267 0.6183927822031532
857.5000000001268 0.618404460622716
857.6000000001268 0.6185418157341538
857.7000000001268 0.6186791578953964
857.8000000001268 0.6188164870804649
857.9000000001269 0.618953803264157
858.0000000001269 0.6190911064218332
858.1000000001269 0.6195612479126866
858.2000000001269 0.6200313346284881
858.3000000001269 0.6205013665354917
858.400000000127 0.6209713435987642
858.500000000127 0.6214412657847758
858.600000000127 0.6219128269781886
858.700000000127 0.6223854255492859
858.800000000127 0.6228584998225898
858.9000000001271 0.6233315282577718
859.0000000001271 0.6238040295995742
859.1000000001271 0.6234389628751129
859.2000000001271 0.6230726142910357
859.3000000001272 0.6227046311605193
859.4000000001272 0.622334703405284
859.5000000001272 0.6219625634363894
859.6000000001272 0.6215879860583016
859.7000000001273 0.6212107882880954
859.8000000001273 0.6208308292694706
859.9000000001273 0.6204480101471676
860.0000000001273 0.6200622739444164
860.1000000001274 0.6197764440714816
860.2000000001274 0.6194876948537902
860.3000000001274 0.6191960927253772
860.4000000001274 0.6189017455481763
860.5000000001274 0.6186048025086819
860.6000000001275 0.618305454019468
860.7000000001275 0.6180039315781947
860.8000000001275 0.6177005077260531
860.9000000001275 0.6173954959160131
861.0000000001276 0.6170892504075325
861.1000000001276 0.6172877638602043
861.2000000001276 0.6174857264496555
861.3000000001276 0.6176836142402156
861.4000000001276 0.6178819453848902
861.5000000001277 0.6180812801960534
861.6000000001277 0.618282221189593
861.7000000001277 0.6184830854377277
861.8000000001277 0.6186838729538665
861.9000000001278 0.6188845837489853
862.0000000001278 0.619085217835445
862.1000000001278 0.6187146195829856
862.2000000001278 0.6183439244245502
862.3000000001279 0.6179731324404405
862.4000000001279 0.6176022437117289
862.5000000001279 0.6172312583194376
862.6000000001279 0.6167350779787122
862.700000000128 0.6162390023653181
862.800000000128 0.6157430314759843
862.900000000128 0.6152471653086686
863.000000000128 0.6147514038626449
863.100000000128 0.6153291767149497
863.2000000001281 0.615906703771899
863.3000000001281 0.6164839850518721
863.4000000001281 0.617061020570601
863.5000000001281 0.617637810346971
863.6000000001281 0.6182126700816919
863.7000000001282 0.6187861971415011
863.8000000001282 0.6193589495988884
863.9000000001282 0.619931446031248
864.0000000001282 0.6205041653227701
864.1000000001283 0.6203158595765466
864.2000000001283 0.6201288853140143
864.3000000001283 0.6199435950381902
864.4000000001283 0.6197602992602732
864.5000000001284 0.6195792665624453
864.6000000001284 0.6194007236940373
864.7000000001284 0.6192248556085093
864.8000000001284 0.619051805500969
864.9000000001284 0.6188816748949015
865.0000000001285 0.6187145237051616
865.1000000001285 0.6185664457006589
865.2000000001285 0.618421345895722
865.3000000001285 0.6182791599458817
865.4000000001286 0.6181397821050028
865.5000000001286 0.6180030652777325
865.6000000001286 0.6178688210314769
865.7000000001286 0.6177368196646175
865.8000000001286 0.6176067902797208
865.9000000001287 0.6174784207887388
866.0000000001287 0.6173513579607262
866.1000000001287 0.6173571073883402
866.2000000001287 0.61736330395108
866.3000000001288 0.6173694712095578
866.4000000001288 0.6173750913022015
866.5000000001288 0.6173796049450786
866.6000000001288 0.6173824114377938
866.7000000001289 0.6173851928186497
866.8000000001289 0.6173879490910569
866.9000000001289 0.6173906802590283
867.0000000001289 0.617393386327234
867.100000000129 0.6174415874049896
867.200000000129 0.6174897622949674
867.300000000129 0.6175379109971264
867.400000000129 0.6175860335100599
867.500000000129 0.6176341298335725
867.6000000001291 0.617682199993436
867.7000000001291 0.6177302439427249
867.8000000001291 0.6177782616608237
867.9000000001291 0.617826253127255
868.0000000001291 0.6178742183203976
868.1000000001292 0.617422598188907
868.2000000001292 0.616971063202835
868.3000000001292 0.6165196133652153
868.4000000001292 0.6160682486792668
868.5000000001293 0.6156169691471051
868.6000000001293 0.6151691259193689
868.7000000001293 0.6147235156290801
868.8000000001293 0.6142790208630003
868.9000000001294 0.613834609862049
869.0000000001294 0.6133893362078835
869.1000000001294 0.6129368343391947
869.2000000001294 0.6124818214889374
869.3000000001294 0.6120236055769606
869.4000000001295 0.6115615787168224
869.5000000001295 0.6110952169302492
869.6000000001295 0.6107479386638148
869.7000000001295 0.610395334833706
869.8000000001296 0.6100371281427036
869.9000000001296 0.6096731238562698
870.0000000001296 0.6093032095800885
870.1000000001296 0.6095851970700361
870.2000000001296 0.6098611997530804
870.3000000001297 0.6101313322249549
870.4000000001297 0.6103957913241175
870.5000000001297 0.6106548563088733
870.6000000001297 0.6109088890522894
870.7000000001298 0.6111583341058888
870.8000000001298 0.6114037189549679
870.9000000001298 0.6116456541487706
871.0000000001298 0.6118848334530889
871.1000000001299 0.6120156358299786
871.2000000001299 0.6121453605093606
871.3000000001299 0.6122749518358274
871.4000000001299 0.6124054372927935
871.50000000013 0.6125379276068454
871.60000000013 0.6126736421400685
871.70000000013 0.6128092347736849
871.80000000013 0.6129446971404227
871.90000000013 0.6130800214860905
872.0000000001301 0.6132152006705376
872.1000000001301 0.6129849016900591
872.2000000001301 0.6127546398419814
872.3000000001301 0.6125244098391989
872.4000000001301 0.6122942070233756
872.5000000001302 0.6120640273645026
872.6000000001302 0.6118338422140887
872.7000000001302 0.6116036578814767
872.8000000001302 0.6113734806343825
872.9000000001303 0.6111433167347208
873.0000000001303 0.6109131724343133
873.1000000001303 0.6108067830770242
873.2000000001303 0.6107003580301739
873.3000000001304 0.6105939035259212
873.4000000001304 0.6104874257938749
873.5000000001304 0.6103809310598296
873.6000000001304 0.6102719295398094
873.7000000001304 0.6101613197816433
873.8000000001305 0.6100499383986814
873.9000000001305 0.6099385600694122
874.0000000001305 0.6098278975770491
874.1000000001305 0.6093933086026389
874.2000000001306 0.6089608643898701
874.3000000001306 0.6085310883072816
874.4000000001306 0.6081044410459797
874.5000000001306 0.6076813208440146
874.6000000001306 0.6072620637026341
874.7000000001307 0.6068469089873624
874.8000000001307 0.6064360587733737
874.9000000001307 0.6060296529567077
875.0000000001307 0.6056277694598878
875.1000000001308 0.6055651457416639
875.2000000001308 0.6055068622734079
875.3000000001308 0.6054528193567409
875.4000000001308 0.6054028557507817
875.5000000001309 0.6053567486909782
875.6000000001309 0.6053142139029926
875.7000000001309 0.6052749401429305
875.8000000001309 0.6052385302924445
875.900000000131 0.605204526357713
876.000000000131 0.605172409478153
876.100000000131 0.6054847752838112
876.200000000131 0.605797700988511
876.300000000131 0.606110485134923
876.4000000001311 0.6064223637012384
876.5000000001311 0.6067325099546574
876.6000000001311 0.6070400343058534
876.7000000001311 0.6073474181680326
876.8000000001311 0.6076546615216184
876.9000000001312 0.6079617643463997
877.0000000001312 0.6082687266210096
877.1000000001312 0.6076952722005817
877.2000000001312 0.6071220006194942
877.3000000001313 0.6065489118841071
877.4000000001313 0.6059760060001461
877.5000000001313 0.6054032829739671
877.6000000001313 0.6048307428112918
877.7000000001314 0.6042583855178397
877.8000000001314 0.6036862110993314
877.9000000001314 0.6031142195621146
878.0000000001314 0.6025424109119824
878.1000000001314 0.6025075300264634
878.2000000001315 0.6024726131409395
878.3000000001315 0.6024376602529707
878.4000000001315 0.6024026713588607
878.5000000001315 0.6023676464567953
878.6000000001316 0.6023309175236936
878.7000000001316 0.60229308054121
878.8000000001316 0.6022546902725195
878.9000000001316 0.6022162602689677
879.0000000001316 0.6021782628784362
879.1000000001317 0.6017060306500753
879.2000000001317 0.6012352188564377
879.3000000001317 0.6007661728008592
879.4000000001317 0.6002991957600613
879.5000000001318 0.5998345491521134
879.6000000001318 0.5993724774852057
879.7000000001318 0.5989131500596143
879.8000000001318 0.5984566954480254
879.9000000001319 0.5980032016576835
880.0000000001319 0.5975527162897329
880.1000000001319 0.598255419574221
880.2000000001319 0.5989607513815739
880.300000000132 0.5996686552175883
880.400000000132 0.6003790339598568
880.500000000132 0.6010917496210757
880.600000000132 0.6018066231128478
880.700000000132 0.6025234340026849
880.8000000001321 0.6032419202738889
880.9000000001321 0.6039617780861581
881.0000000001321 0.6046826615303856
881.1000000001321 0.6039438011742605
881.2000000001321 0.603205512891362
881.3000000001322 0.6024673236455116
881.4000000001322 0.6017287223421447
881.5000000001322 0.6009891600774783
881.6000000001322 0.6001263947846294
881.7000000001323 0.5992640359148388
881.8000000001323 0.5984020958400329
881.9000000001323 0.5975405868605754
882.0000000001323 0.5966795212086123
882.1000000001324 0.5968579267844922
882.2000000001324 0.5970363059539499
882.3000000001324 0.5972146708252765
882.4000000001324 0.5973930335213864
882.5000000001324 0.597571406177143
882.6000000001325 0.5976287502925389
882.7000000001325 0.5976861030929523
882.8000000001325 0.5977434502748292
882.9000000001325 0.5978007781407844
883.0000000001326 0.5978580735967568
883.1000000001326 0.5979562402693495
883.2000000001326 0.598054331353258
883.3000000001326 0.5981523355630776
883.4000000001326 0.5982502422128074
883.5000000001327 0.5983480412219087
883.6000000001327 0.5984448827765323
883.7000000001327 0.5985410578111874
883.8000000001327 0.5986368373311919
883.9000000001328 0.5987324723957135
884.0000000001328 0.598828194101
884.1000000001328 0.5983820831211267
884.2000000001328 0.5979366272438384
884.3000000001329 0.5974919956580778
884.4000000001329 0.5970483369944029
884.5000000001329 0.5966057794040931
884.6000000001329 0.5961644306337506
884.700000000133 0.5957244121038001
884.800000000133 0.5952858009057038
884.900000000133 0.5948486545357423
885.000000000133 0.5944130109725695
885.100000000133 0.5941487093044987
885.2000000001331 0.5938859046672441
885.3000000001331 0.5936245781245287
885.4000000001331 0.5933646914710431
885.5000000001331 0.5931061872827993
885.6000000001332 0.5928489645047829
885.7000000001332 0.5925928685448068
885.8000000001332 0.5923377729359048
885.9000000001332 0.5920835303828639
886.0000000001332 0.5918299728049446
886.1000000001333 0.5918402552662707
886.2000000001333 0.591850728465215
886.3000000001333 0.5918611622473229
886.4000000001333 0.5918713054213868
886.5000000001334 0.5918808857563754
886.6000000001334 0.5920098150284122
886.7000000001334 0.5921387405725472
886.8000000001334 0.5922676563494115
886.9000000001334 0.5923965563131769
887.0000000001335 0.5925254344153446
887.1000000001335 0.5927036332251968
887.2000000001335 0.5928817454878961
887.3000000001335 0.5930597651478486
887.4000000001336 0.5932376861416504
887.5000000001336 0.5934155023979304
887.6000000001336 0.593472803566236
887.7000000001336 0.5935299158100927
887.8000000001337 0.5935868331070151
887.9000000001337 0.5936435494331893
888.0000000001337 0.5937000587635133
888.1000000001337 0.5937919666970995
888.2000000001337 0.5938837505439823
888.3000000001338 0.5939754042179627
888.4000000001338 0.5940669216312064
888.5000000001338 0.5941582966933273
888.6000000001338 0.5944965057416829
888.7000000001339 0.5948383164232711
888.8000000001339 0.5951818533293639
888.9000000001339 0.5955253773338595
889.0000000001339 0.5958672859554331
889.100000000134 0.5948502889619564
889.200000000134 0.593829545349492
889.300000000134 0.5928039031325434
889.400000000134 0.5917723580601166
889.500000000134 0.590734052437082
889.6000000001341 0.589807910444953
889.7000000001341 0.5888733148183439
889.8000000001341 0.5879298253697638
889.9000000001341 0.5869771429346841
890.0000000001342 0.5860151082927634
890.1000000001342 0.5864098728345495
890.2000000001342 0.5867942495389906
890.3000000001342 0.5871684254649376
890.4000000001342 0.5875327263947878
890.5000000001343 0.5878876172488893
890.6000000001343 0.5884726518834501
890.7000000001343 0.5890500125885261
890.8000000001343 0.5896205674035474
890.9000000001344 0.5901853271940077
891.0000000001344 0.5907454462823607
891.1000000001344 0.5901536959573589
891.2000000001344 0.5895607542688085
891.3000000001344 0.5889682098010321
891.4000000001345 0.5883777837476688
891.5000000001345 0.5877913292806094
891.6000000001345 0.587210806725336
891.7000000001345 0.5866306166496961
891.8000000001346 0.5860507650208927
891.9000000001346 0.5854712577823608
892.0000000001346 0.5848921008550726
892.1000000001346 0.5843416346051636
892.2000000001347 0.5837915058778858
892.3000000001347 0.5832417205102527
892.4000000001347 0.5826922843186877
892.5000000001347 0.5821432030953481
892.6000000001347 0.581120485486753
892.7000000001348 0.5800986420858105
892.8000000001348 0.5790776783319306
892.9000000001348 0.5780575996236947
893.0000000001348 0.5770384113211898
893.1000000001349 0.5763329073100437
893.2000000001349 0.5756279963870377
893.3000000001349 0.5749236840225095
893.4000000001349 0.574219975658893
893.500000000135 0.5735168767132169
893.600000000135 0.5732786217581353
893.700000000135 0.5730358687280314
893.800000000135 0.5727909543948944
893.900000000135 0.5725460385524381
894.0000000001351 0.5723031043071579
894.1000000001351 0.5717314488256893
894.2000000001351 0.5711645415056984
894.3000000001351 0.5706038269256648
894.4000000001352 0.5700505714729955
894.5000000001352 0.5695058642447971
894.6000000001352 0.5682644069843316
894.7000000001352 0.5670327299625483
894.8000000001352 0.5658113632321587
894.9000000001353 0.5646006614178667
895.0000000001353 0.5634008055926616
895.1000000001353 0.56108125370235
895.2000000001353 0.5587767813000053
895.3000000001354 0.5564869855673734
895.4000000001354 0.5542113013040343
895.5000000001354 0.5519490043179863
895.6000000001354 0.550285975998891
895.7000000001354 0.5486336360042915
895.8000000001355 0.5469908359684141
895.9000000001355 0.5453562756986334
896.0000000001355 0.5437285055565724
896.1000000001355 0.541916875766526
896.2000000001356 0.5401066059613956
896.3000000001356 0.5382958131503666
896.4000000001356 0.5364824773756922
896.5000000001356 0.5346644445521295
896.6000000001357 0.5340107845223128
896.7000000001357 0.5333569510408673
896.8000000001357 0.5327029388019731
896.9000000001357 0.5320487425279209
897.0000000001357 0.5313943569745339
897.1000000001358 0.5324986622903584
897.2000000001358 0.5336020752798697
897.3000000001358 0.5347045904954922
897.4000000001358 0.5358062024477487
897.5000000001359 0.5369069056029225
897.6000000001359 0.5375389641371032
897.7000000001359 0.5381704277446231
897.8000000001359 0.5388012908638765
897.900000000136 0.5394315479064131
898.000000000136 0.5400611932475131
898.100000000136 0.5354684580618578
898.200000000136 0.530878222510826
898.300000000136 0.5262904832091077
898.4000000001361 0.5217052369589167
898.5000000001361 0.5171224807416019
898.6000000001361 0.5110324111346671
898.7000000001361 0.5049491387226946
898.8000000001362 0.498870736003191
898.9000000001362 0.4927954964597575
899.0000000001362 0.48672192621425153
899.1000000001362 0.48928170644908425
899.2000000001362 0.4918360036899091
899.3000000001363 0.494383633156418
899.4000000001363 0.4969235210682172
899.5000000001363 0.49945470814672094
899.6000000001363 0.5031388943243701
899.7000000001364 0.5068120551268415
899.8000000001364 0.5104735169925334
899.9000000001364 0.5141227313448866
900.0000000001364 0.5177592795581256
900.1000000001364 0.5163309634038157
900.2000000001365 0.514893499696723
900.3000000001365 0.5134471731804814
900.4000000001365 0.5119924042844066
900.5000000001365 0.5105297471449428
900.6000000001366 0.5107976466673948
900.7000000001366 0.5110577505580391
900.8000000001366 0.5113109495147143
900.9000000001366 0.5115582728906902
901.0000000001367 0.5118008889711623
901.1000000001367 0.5129527166631713
901.2000000001367 0.5141022952328641
901.3000000001367 0.5152512109069535
901.4000000001367 0.5164012022939732
901.5000000001368 0.517554161940139
901.6000000001368 0.5172106758433284
901.7000000001368 0.5168672754886354
901.8000000001368 0.5165239537922031
901.9000000001369 0.5161807042147437
902.0000000001369 0.5158375207521672
902.1000000001369 0.5146441778727862
902.2000000001369 0.5134525065228741
902.300000000137 0.5122625007987474
902.400000000137 0.5110741553550155
902.500000000137 0.5098874654074053
902.600000000137 0.5108822311156356
902.700000000137 0.5118743534014422
902.8000000001371 0.5128638311908499
902.9000000001371 0.5138506628634288
903.0000000001371 0.5148348462495612
903.1000000001371 0.518252228902305
903.2000000001372 0.5216609365956989
903.3000000001372 0.5250609703000322
903.4000000001372 0.5284523302930697
903.5000000001372 0.5318350161378393
903.6000000001372 0.5338454296362025
903.7000000001373 0.5358493481615687
903.8000000001373 0.5378472620241633
903.9000000001373 0.5398396333623007
904.0000000001373 0.541826895419049
904.1000000001374 0.5413435370281957
904.2000000001374 0.5408611988426256
904.3000000001374 0.540380198245203
904.4000000001374 0.5399008158661994
904.5000000001374 0.5394232957407017
904.6000000001375 0.538834882201681
904.7000000001375 0.5382486574487607
904.8000000001375 0.5376647373631206
904.9000000001375 0.5370832007516338
905.0000000001376 0.5365040895461268
905.1000000001376 0.536018065857881
905.2000000001376 0.535534849089642
905.3000000001376 0.5350543723271729
905.4000000001377 0.5345765324948966
905.5000000001377 0.5341011905108283
905.6000000001377 0.533066457585001
905.7000000001377 0.5320348586520713
905.8000000001377 0.5310061503756679
905.9000000001378 0.5299800556832477
906.0000000001378 0.5289562640953795
906.1000000001378 0.5265010964008962
906.2000000001378 0.5240435523987318
906.3000000001379 0.5215832304160595
906.4000000001379 0.5191197015257972
906.5000000001379 0.5166525103953703
906.6000000001379 0.5139566918690599
906.700000000138 0.5112579577081743
906.800000000138 0.5085563148604694
906.900000000138 0.5058517702730098
907.000000000138 0.5031443308957462
907.100000000138 0.5013631096849234
907.2000000001381 0.4995854882812533
907.3000000001381 0.4978114636547879
907.4000000001381 0.49604103277798905
907.5000000001381 0.4942741926225941
907.6000000001382 0.4931793558406122
907.7000000001382 0.49208604465528616
907.8000000001382 0.49099425803824165
907.9000000001382 0.489903994959411
908.0000000001382 0.48881525439415746
908.1000000001383 0.4887449828941952
908.2000000001383 0.4886740741196908
908.3000000001383 0.48860252881937977
908.4000000001383 0.48853034774068405
908.5000000001384 0.48845753163055416
908.6000000001384 0.4881633738518785
908.7000000001384 0.48786861897985945
908.8000000001384 0.4875734889841013
908.9000000001384 0.48727818896144853
909.0000000001385 0.4869829071839003
909.1000000001385 0.4870046619591524
909.2000000001385 0.4870256189483195
909.3000000001385 0.48704591874258174
909.4000000001386 0.4870656856100143
909.5000000001386 0.48708502748946014
909.6000000001386 0.4868866273561291
909.7000000001386 0.48668853385247735
909.8000000001387 0.48649080391025545
909.9000000001387 0.4862934780451333
910.0000000001387 0.48609658038755976
910.1000000001387 0.48426452585283775
910.2000000001387 0.4824377835614829
910.3000000001388 0.48061631248353104
910.4000000001388 0.4788000559536895
910.5000000001388 0.47698894197644737
910.6000000001388 0.47731709811233297
910.7000000001389 0.4776407240986293
910.8000000001389 0.4779597242188935
910.9000000001389 0.47827398637917895
911.0000000001389 0.4785833820629288
911.100000000139 0.4779352748980993
911.200000000139 0.4772849212613777
911.300000000139 0.47663214039934476
911.400000000139 0.4759767365944351
911.500000000139 0.475318499277675
911.6000000001391 0.47288803578412
911.7000000001391 0.4704647555917583
911.8000000001391 0.46804865170357235
911.9000000001391 0.46563971712326335
912.0000000001392 0.46323794485832154
912.1000000001392 0.46344467077097845
912.2000000001392 0.46364569729042293
912.3000000001392 0.463841031591178
912.4000000001392 0.4640306808479926
912.5000000001393 0.46421465222524844
912.6000000001393 0.46053822766932784
912.7000000001393 0.45687511203153053
912.8000000001393 0.45322529183614335
912.9000000001394 0.44958875360342443
913.0000000001394 0.44596548385057183
913.1000000001394 0.4415718026944977
913.2000000001394 0.4371995036869726
913.3000000001394 0.4328485617984702
913.4000000001395 0.4285189519974562
913.5000000001395 0.4242106492631031
913.6000000001395 0.42503563753646134
913.7000000001395 0.4258451704566553
913.8000000001396 0.4266390784151252
913.9000000001396 0.4274172046553227
914.0000000001396 0.4281794054766691
914.1000000001396 0.43018409538755353
914.2000000001397 0.4321677785609918
914.3000000001397 0.43413035360750774
914.4000000001397 0.4360717316860947
914.5000000001397 0.43799183687299614
914.6000000001397 0.435615193950807
914.7000000001398 0.43324508947982404
914.8000000001398 0.4308814857948968
914.9000000001398 0.4285243600618448
915.0000000001398 0.4261737038752308
915.1000000001399 0.42034593850447793
915.2000000001399 0.4145451578899667
915.3000000001399 0.4087713911358872
915.4000000001399 0.4030246787165114
915.50000000014 0.39730507158179074
915.60000000014 0.39741637876037555
915.70000000014 0.3975204222551242
915.80000000014 0.39761728920814204
915.90000000014 0.39770708065329313
916.0000000001401 0.39778991152860105
916.1000000001401 0.4012900469429295
916.2000000001401 0.40476718427866387
916.3000000001401 0.40822150094357773
916.4000000001402 0.41165319367507663
916.5000000001402 0.415062479039107
916.6000000001402 0.4142381998096084
916.7000000001402 0.41341342378999413
916.8000000001402 0.4125881530813912
916.9000000001403 0.41176238978661206
917.0000000001403 0.4109361359984206
917.1000000001403 0.4063214701571988
917.2000000001403 0.4017326798983116
917.3000000001404 0.3971697297794053
917.4000000001404 0.3926325843456941
917.5000000001404 0.3881212081350749
917.6000000001404 0.3853648221915956
917.7000000001404 0.38261956346411374
917.8000000001405 0.3798854241102645
917.9000000001405 0.37716239648630917
918.0000000001405 0.37445047314660007
918.1000000001405 0.37577761694989126
918.2000000001406 0.37709380697206896
918.3000000001406 0.37839906667978995
918.4000000001406 0.3796934200366806
918.5000000001406 0.38097689150981
918.6000000001407 0.3823337411518637
918.7000000001407 0.3836796312452974
918.8000000001407 0.38501439879843913
918.9000000001407 0.38633789121274453
919.0000000001407 0.38764996654967426
919.1000000001408 0.3862666552004048
919.2000000001408 0.38487805341423753
919.3000000001408 0.3834840592200612
919.4000000001408 0.38208458521450117
919.5000000001409 0.3806795583381245
919.6000000001409 0.3786271630386167
919.7000000001409 0.3765760753760384
919.8000000001409 0.37452626883773915
919.900000000141 0.3724777302689665
920.000000000141 0.37043045953231823
920.100000000141 0.36909497248748957
920.200000000141 0.3677466595134349
920.300000000141 0.3663855747637961
920.4000000001411 0.3650117844998641
920.5000000001411 0.36362536684733754
920.6000000001411 0.36109539653924433
920.7000000001411 0.35856835092344813
920.8000000001412 0.356044323494291
920.9000000001412 0.35352341728571013
921.0000000001412 0.3510057444563838
921.1000000001412 0.34753910594765103
921.2000000001412 0.34408879621201033
921.3000000001413 0.34065492648926216
921.4000000001413 0.33723761392190227
921.5000000001413 0.3338369810486887
921.6000000001413 0.3312243956415633
921.7000000001414 0.3286162751803029
921.8000000001414 0.32601262318957264
921.9000000001414 0.32341344199282734
922.0000000001414 0.32081873275120804
922.1000000001414 0.3186727945976168
922.2000000001415 0.31651711559611645
922.3000000001415 0.3143517220291547
922.4000000001415 0.3121766391673646
922.5000000001415 0.30999189129782284
922.6000000001416 0.30702579516126755
922.7000000001416 0.3040646869808905
922.8000000001416 0.30110855163061806
922.9000000001416 0.29815737469606224
923.0000000001417 0.29521114245854885
923.1000000001417 0.2922638600652217
923.2000000001417 0.2893244731478002
923.3000000001417 0.28639296410531945
923.4000000001417 0.2834693159672329
923.5000000001418 0.2805535123771241
923.6000000001418 0.27753005018630056
923.7000000001418 0.27451758081573696
923.8000000001418 0.27151556138321065
923.9000000001419 0.2685235075498138
924.0000000001419 0.2655409913214272
924.1000000001419 0.2628039513788433
924.2000000001419 0.26007391732920276
924.300000000142 0.2573506168255654
924.400000000142 0.2546338244004824
924.500000000142 0.2519233595520425
924.600000000142 0.249431617797933
924.700000000142 0.24694183176219145
924.8000000001421 0.24445396116456888
924.9000000001421 0.24196800252201164
925.0000000001421 0.23948398746359928
925.1000000001421 0.23726010165819872
925.2000000001422 0.23503109691305074
925.3000000001422 0.2327971088601433
925.4000000001422 0.2305583023221021
925.5000000001422 0.228314869785832
925.6000000001422 0.22597136972158235
925.7000000001423 0.2236258191424039
925.8000000001423 0.22127846788892844
925.9000000001423 0.21892958697745551
926.0000000001423 0.21657946702520126
926.1000000001424 0.21379551359581433
926.2000000001424 0.2110135302831416
926.3000000001424 0.20823385227724356
926.4000000001424 0.20545682521696676
926.5000000001424 0.2026828033775441
926.6000000001425 0.200038346757488
926.7000000001425 0.19739252864191545
926.8000000001425 0.19474536069361498
926.9000000001425 0.19209685420674144
927.0000000001426 0.18944702013119225
927.1000000001426 0.1861318370951184
927.2000000001426 0.18284484006422297
927.3000000001426 0.17958596578868835
927.4000000001427 0.1763551508651818
927.5000000001427 0.17315233176444855
927.6000000001427 0.16960993308327751
927.7000000001427 0.16610511398460528
927.8000000001427 0.1626377890071969
927.9000000001428 0.15920787296204308
928.0000000001428 0.15581528091665844
928.1000000001428 0.15322122861708806
928.2000000001428 0.15063767567200295
928.3000000001429 0.14806460336402827
928.4000000001429 0.14550199312325854
928.5000000001429 0.14294982651383728
928.6000000001429 0.14025088590375537
928.700000000143 0.13756819153197802
928.800000000143 0.13490137019967688
928.900000000143 0.13225009529063733
929.000000000143 0.12961408422194862
929.100000000143 0.1268263339756017
929.2000000001431 0.12406153029361452
929.3000000001431 0.12131949331864404
929.4000000001431 0.11860007790625418
929.5000000001431 0.11590317104842356
929.6000000001432 0.11275137405972546
929.7000000001432 0.10963992225262492
929.8000000001432 0.10656875691100583
929.9000000001432 0.10353784095107803
930.0000000001432 0.10054715620095646
930.1000000001433 0.09774818934721084
930.2000000001433 0.09498441318741387
930.3000000001433 0.09225586094262547
930.4000000001433 0.08956257546264448
930.5000000001434 0.08690460710653809
930.6000000001434 0.08430364816528371
930.7000000001434 0.08173715993589632
930.8000000001434 0.07920520354561504
930.9000000001435 0.07670784047926628
931.0000000001435 0.07424513089327449
931.1000000001435 0.07153039392964299
931.2000000001435 0.06885908314119796
931.3000000001435 0.06623121205844164
931.4000000001436 0.06364678477277201
931.5000000001436 0.06110579462751338
931.6000000001436 0.058062332969715455
931.7000000001436 0.055096414473656596
931.8000000001437 0.05220780480395894
931.9000000001437 0.049396269561579415
932.0000000001437 0.046661574327253826
932.1000000001437 0.04486539252531472
932.2000000001437 0.04309525027910554
932.3000000001438 0.04135107219623898
932.4000000001438 0.03963278283578206
932.5000000001438 0.03794030672832779
932.6000000001438 0.036651173747309
932.7000000001439 0.03535968969829224
932.8000000001439 0.034065868606716225
932.9000000001439 0.03276972447870532
933.0000000001439 0.03147127130081575
933.100000000144 0.030227860194523906
933.200000000144 0.028999573665250286
933.300000000144 0.027786367596470567
933.400000000144 0.026588197929851176
933.500000000144 0.02540502066377849
933.6000000001441 0.023818816863259804
933.7000000001441 0.0222821929714537
933.8000000001441 0.020795031366220365
933.9000000001441 0.019357203964385655
934.0000000001442 0.01796857361389166
934.1000000001442 0.01712384594941646
934.2000000001442 0.016293784952544504
934.3000000001442 0.015478350829325737
934.4000000001442 0.014677499867467437
934.5000000001443 0.01389118496556011
934.6000000001443 0.013680723192045031
934.7000000001443 0.01343089109100106
934.8000000001443 0.013141821592865532
934.9000000001444 0.012813644159240934
935.0000000001444 0.01244648483312847
935.1000000001444 0.012009261573596615
935.2000000001444 0.01156407851908432
935.3000000001445 0.011110949537077723
935.4000000001445 0.010649887300514329
935.5000000001445 0.010180903538608826
935.6000000001445 0.009547996690176688
935.7000000001445 0.008925141857491837
935.8000000001446 0.008312297782490497
935.9000000001446 0.007709424409602245
936.0000000001446 0.007116483119586573
936.1000000001446 0.006852521676051189
936.2000000001447 0.0065869918064333935
936.3000000001447 0.006319891078651087
936.4000000001447 0.006051217707205101
936.5000000001447 0.005780970709650901
936.6000000001447 0.005459993508721612
936.7000000001448 0.005142690578449694
936.8000000001448 0.004829052420837611
936.9000000001448 0.004519069530668176
937.0000000001448 0.004212732396268911
937.1000000001449 0.004073115294790024
937.2000000001449 0.003930034704472445
937.3000000001449 0.0037835023813190764
937.4000000001449 0.00363353006555978
937.500000000145 0.0034801294812494047
937.600000000145 0.0033030807006703324
937.700000000145 0.003124956617964023
937.800000000145 0.002945761606236836
937.900000000145 0.0027655000271194535
938.0000000001451 0.0025841762307533206
938.1000000001451 0.002485937387005815
938.2000000001451 0.0023869556516063215
938.3000000001451 0.0022872338951792064
938.4000000001452 0.0021867749813847545
938.5000000001452 0.0020855817669858524
938.6000000001452 0.0020284058313784826
938.7000000001452 0.0019654852861519492
938.8000000001452 0.0018968492531641545
938.9000000001453 0.0018225251761304698
939.0000000001453 0.001742538695966989
939.1000000001453 0.001716713531425563
939.2000000001453 0.0016877004595112924
939.3000000001454 0.0016555142122627903
939.4000000001454 0.0016201683598099825
939.5000000001454 0.001581675285864759
939.6000000001454 0.001501920781237268
939.7000000001455 0.001422825953728761
939.8000000001455 0.0013443857579195206
939.9000000001455 0.0012665944370962362
940.0000000001455 0.0011894456597643214
940.1000000001455 0.001124044033748628
940.2000000001456 0.0010600009796452124
940.3000000001456 0.0009973083972710892
940.4000000001456 0.0009359581870023403
940.5000000001456 0.0008759423431010621
940.6000000001457 0.0008272753035524416
940.7000000001457 0.0007787668009678094
940.8000000001457 0.000730412476962144
940.9000000001457 0.0006822081781933793
941.0000000001457 0.0006341500342059588
941.1000000001458 0.0006202487661422971
941.2000000001458 0.0006061023528659869
941.3000000001458 0.0005917089117043626
941.4000000001458 0.0005770665862325972
941.5000000001459 0.0005621735809406847
941.6000000001459 0.0005423231963031754
941.7000000001459 0.0005225579720089599
941.8000000001459 0.0005028777827206446
941.900000000146 0.00048328250390408396
942.000000000146 0.00046377201179796684
942.100000000146 0.0004395515596499411
942.200000000146 0.00041595181007220524
942.300000000146 0.0003929713477241722
942.4000000001461 0.00037060875806834396
942.5000000001461 0.0003488626273132888
942.6000000001461 0.0003295359176058628
942.7000000001461 0.00031067104489597886
942.8000000001462 0.00029226695990226646
942.9000000001462 0.0002743226138478213
943.0000000001462 0.0002568369584360922
943.1000000001462 0.00024573917399226783
943.2000000001462 0.00023428601725625589
943.3000000001463 0.00022247839038751192
943.4000000001463 0.00021031719640275353
943.5000000001463 0.00019780333919820352
943.6000000001463 0.00018077169982118332
943.7000000001464 0.00016407765036505515
943.8000000001464 0.00014772099020116824
943.9000000001464 0.00013170134153315323
944.0000000001464 0.00011601817023427947
944.1000000001465 0.00011507754783908562
944.2000000001465 0.00011413334556932562
944.3000000001465 0.00011318572493610768
944.4000000001465 0.0001122348230667909
944.5000000001465 0.00011128075346568959
944.6000000001466 0.0001143898406351888
944.7000000001466 0.00011750940573012876
944.8000000001466 0.00012063958968424435
944.9000000001466 0.00012378052067805713
945.0000000001467 0.00012693231150761466
945.1000000001467 0.00012189092984557894
945.2000000001467 0.00011681460190359533
945.3000000001467 0.00011170320887157861
945.4000000001467 0.00010655661617865548
945.5000000001468 0.00010137467798888141
945.6000000001468 9.453647279912344e-05
